candidate_id,expression,factor_lane,diagnostic_role,event_fields,in_enriched_shared_pool,enriched_candidate_id,enriched_source_lane,enriched_phase3aa_factor_candidate,official_book_eligible,typed_gate_decision,typed_gate_reason,blocked_fields,blocked_primitives,required_rewrite,registry_version,entry_lineage,materialization_stage,candidate_role,input_typed_gate_decision,g2_input_gate_decision,g2_input_gate_reason
cn_factor_direct_event_0001,"CSRank(Mean($limit_up_any_close_not_open_in_t10,2))",direct_event,event_factor,limit_up_any_close_not_open_in_t10,True,phase3aa_event_0001_cn_factor_direct_event_0001,event_derived_feature_layer,True,False,blocked_unsafe_known_structure,ordinary continuous primitive consumed sparse event or discrete state field,limit_up_any_close_not_open_in_t10,Mean,EventCount|EventAge|EventTransition|StateDwell|WindowStateCount,phase3ce1_typed_primitive_gate_v1_20260618,phase3ce1_g2_input_gate_smoke,g2_selector_input_smoke,mature_g2_candidate,blocked_unsafe_known_structure,reject,upstream typed gate already rejected row
cn_factor_direct_event_0002,"CSRank(Mean($limit_up_any_close_not_open_in_t10,3))",direct_event,event_factor,limit_up_any_close_not_open_in_t10,True,phase3aa_event_0002_cn_factor_direct_event_0002,event_derived_feature_layer,True,False,blocked_unsafe_known_structure,ordinary continuous primitive consumed sparse event or discrete state field,limit_up_any_close_not_open_in_t10,Mean,EventCount|EventAge|EventTransition|StateDwell|WindowStateCount,phase3ce1_typed_primitive_gate_v1_20260618,phase3ce1_g2_input_gate_smoke,g2_selector_input_smoke,mature_g2_candidate,blocked_unsafe_known_structure,reject,upstream typed gate already rejected row
cn_factor_direct_event_0003,"CSRank(Mean($limit_up_any_close_not_open_in_t10,5))",direct_event,event_factor,limit_up_any_close_not_open_in_t10,True,phase3aa_event_0003_cn_factor_direct_event_0003,event_derived_feature_layer,True,False,blocked_unsafe_known_structure,ordinary continuous primitive consumed sparse event or discrete state field,limit_up_any_close_not_open_in_t10,Mean,EventCount|EventAge|EventTransition|StateDwell|WindowStateCount,phase3ce1_typed_primitive_gate_v1_20260618,phase3ce1_g2_input_gate_smoke,g2_selector_input_smoke,mature_g2_candidate,blocked_unsafe_known_structure,reject,upstream typed gate already rejected row
cn_factor_direct_event_0004,"CSRank(Mean($limit_up_any_close_not_open_in_t2,2))",direct_event,event_factor,limit_up_any_close_not_open_in_t2,True,phase3aa_event_0004_cn_factor_direct_event_0004,event_derived_feature_layer,True,False,blocked_unsafe_known_structure,ordinary continuous primitive consumed sparse event or discrete state field,limit_up_any_close_not_open_in_t2,Mean,EventCount|EventAge|EventTransition|StateDwell|WindowStateCount,phase3ce1_typed_primitive_gate_v1_20260618,phase3ce1_g2_input_gate_smoke,g2_selector_input_smoke,mature_g2_candidate,blocked_unsafe_known_structure,reject,upstream typed gate already rejected row
cn_factor_direct_event_0005,"CSRank(Mean($limit_up_any_close_not_open_in_t2,3))",direct_event,event_factor,limit_up_any_close_not_open_in_t2,True,phase3aa_event_0005_cn_factor_direct_event_0005,event_derived_feature_layer,True,False,blocked_unsafe_known_structure,ordinary continuous primitive consumed sparse event or discrete state field,limit_up_any_close_not_open_in_t2,Mean,EventCount|EventAge|EventTransition|StateDwell|WindowStateCount,phase3ce1_typed_primitive_gate_v1_20260618,phase3ce1_g2_input_gate_smoke,g2_selector_input_smoke,mature_g2_candidate,blocked_unsafe_known_structure,reject,upstream typed gate already rejected row
cn_factor_direct_event_0006,"CSRank(Mean($limit_up_any_close_not_open_in_t2,5))",direct_event,event_factor,limit_up_any_close_not_open_in_t2,True,phase3aa_event_0006_cn_factor_direct_event_0006,event_derived_feature_layer,True,False,blocked_unsafe_known_structure,ordinary continuous primitive consumed sparse event or discrete state field,limit_up_any_close_not_open_in_t2,Mean,EventCount|EventAge|EventTransition|StateDwell|WindowStateCount,phase3ce1_typed_primitive_gate_v1_20260618,phase3ce1_g2_input_gate_smoke,g2_selector_input_smoke,mature_g2_candidate,blocked_unsafe_known_structure,reject,upstream typed gate already rejected row
cn_factor_direct_event_0007,"CSRank(Mean($limit_up_any_close_not_open_in_t3,2))",direct_event,event_factor,limit_up_any_close_not_open_in_t3,True,phase3aa_event_0007_cn_factor_direct_event_0007,event_derived_feature_layer,True,False,blocked_unsafe_known_structure,ordinary continuous primitive consumed sparse event or discrete state field,limit_up_any_close_not_open_in_t3,Mean,EventCount|EventAge|EventTransition|StateDwell|WindowStateCount,phase3ce1_typed_primitive_gate_v1_20260618,phase3ce1_g2_input_gate_smoke,g2_selector_input_smoke,mature_g2_candidate,blocked_unsafe_known_structure,reject,upstream typed gate already rejected row
cn_factor_direct_event_0008,"CSRank(Mean($limit_up_any_close_not_open_in_t3,3))",direct_event,event_factor,limit_up_any_close_not_open_in_t3,True,phase3aa_event_0008_cn_factor_direct_event_0008,event_derived_feature_layer,True,False,blocked_unsafe_known_structure,ordinary continuous primitive consumed sparse event or discrete state field,limit_up_any_close_not_open_in_t3,Mean,EventCount|EventAge|EventTransition|StateDwell|WindowStateCount,phase3ce1_typed_primitive_gate_v1_20260618,phase3ce1_g2_input_gate_smoke,g2_selector_input_smoke,mature_g2_candidate,blocked_unsafe_known_structure,reject,upstream typed gate already rejected row
cn_factor_direct_event_0009,"CSRank(Mean($limit_up_any_close_not_open_in_t3,5))",direct_event,event_factor,limit_up_any_close_not_open_in_t3,True,phase3aa_event_0009_cn_factor_direct_event_0009,event_derived_feature_layer,True,False,blocked_unsafe_known_structure,ordinary continuous primitive consumed sparse event or discrete state field,limit_up_any_close_not_open_in_t3,Mean,EventCount|EventAge|EventTransition|StateDwell|WindowStateCount,phase3ce1_typed_primitive_gate_v1_20260618,phase3ce1_g2_input_gate_smoke,g2_selector_input_smoke,mature_g2_candidate,blocked_unsafe_known_structure,reject,upstream typed gate already rejected row
cn_factor_direct_event_0010,"CSRank(Mean($limit_up_any_close_not_open_in_t4,2))",direct_event,event_factor,limit_up_any_close_not_open_in_t4,True,phase3aa_event_0010_cn_factor_direct_event_0010,event_derived_feature_layer,True,False,blocked_unsafe_known_structure,ordinary continuous primitive consumed sparse event or discrete state field,limit_up_any_close_not_open_in_t4,Mean,EventCount|EventAge|EventTransition|StateDwell|WindowStateCount,phase3ce1_typed_primitive_gate_v1_20260618,phase3ce1_g2_input_gate_smoke,g2_selector_input_smoke,mature_g2_candidate,blocked_unsafe_known_structure,reject,upstream typed gate already rejected row
cn_factor_direct_event_0011,"CSRank(Mean($limit_up_any_close_not_open_in_t4,3))",direct_event,event_factor,limit_up_any_close_not_open_in_t4,True,phase3aa_event_0011_cn_factor_direct_event_0011,event_derived_feature_layer,True,False,blocked_unsafe_known_structure,ordinary continuous primitive consumed sparse event or discrete state field,limit_up_any_close_not_open_in_t4,Mean,EventCount|EventAge|EventTransition|StateDwell|WindowStateCount,phase3ce1_typed_primitive_gate_v1_20260618,phase3ce1_g2_input_gate_smoke,g2_selector_input_smoke,mature_g2_candidate,blocked_unsafe_known_structure,reject,upstream typed gate already rejected row
cn_factor_direct_event_0012,"CSRank(Mean($limit_up_any_close_not_open_in_t4,5))",direct_event,event_factor,limit_up_any_close_not_open_in_t4,True,phase3aa_event_0012_cn_factor_direct_event_0012,event_derived_feature_layer,True,False,blocked_unsafe_known_structure,ordinary continuous primitive consumed sparse event or discrete state field,limit_up_any_close_not_open_in_t4,Mean,EventCount|EventAge|EventTransition|StateDwell|WindowStateCount,phase3ce1_typed_primitive_gate_v1_20260618,phase3ce1_g2_input_gate_smoke,g2_selector_input_smoke,mature_g2_candidate,blocked_unsafe_known_structure,reject,upstream typed gate already rejected row
cn_factor_direct_event_0013,"CSRank(Mean($limit_up_any_close_not_open_in_t5,2))",direct_event,event_factor,limit_up_any_close_not_open_in_t5,True,phase3aa_event_0013_cn_factor_direct_event_0013,event_derived_feature_layer,True,False,blocked_unsafe_known_structure,ordinary continuous primitive consumed sparse event or discrete state field,limit_up_any_close_not_open_in_t5,Mean,EventCount|EventAge|EventTransition|StateDwell|WindowStateCount,phase3ce1_typed_primitive_gate_v1_20260618,phase3ce1_g2_input_gate_smoke,g2_selector_input_smoke,mature_g2_candidate,blocked_unsafe_known_structure,reject,upstream typed gate already rejected row
cn_factor_direct_event_0014,"CSRank(Mean($limit_up_any_close_not_open_in_t5,3))",direct_event,event_factor,limit_up_any_close_not_open_in_t5,True,phase3aa_event_0014_cn_factor_direct_event_0014,event_derived_feature_layer,True,False,blocked_unsafe_known_structure,ordinary continuous primitive consumed sparse event or discrete state field,limit_up_any_close_not_open_in_t5,Mean,EventCount|EventAge|EventTransition|StateDwell|WindowStateCount,phase3ce1_typed_primitive_gate_v1_20260618,phase3ce1_g2_input_gate_smoke,g2_selector_input_smoke,mature_g2_candidate,blocked_unsafe_known_structure,reject,upstream typed gate already rejected row
cn_factor_direct_event_0015,"CSRank(Mean($limit_up_any_close_not_open_in_t5,5))",direct_event,event_factor,limit_up_any_close_not_open_in_t5,True,phase3aa_event_0015_cn_factor_direct_event_0015,event_derived_feature_layer,True,False,blocked_unsafe_known_structure,ordinary continuous primitive consumed sparse event or discrete state field,limit_up_any_close_not_open_in_t5,Mean,EventCount|EventAge|EventTransition|StateDwell|WindowStateCount,phase3ce1_typed_primitive_gate_v1_20260618,phase3ce1_g2_input_gate_smoke,g2_selector_input_smoke,mature_g2_candidate,blocked_unsafe_known_structure,reject,upstream typed gate already rejected row
cn_factor_direct_event_0016,"CSRank(Mean($limit_up_any_close_not_open_in_t6,2))",direct_event,event_factor,limit_up_any_close_not_open_in_t6,True,phase3aa_event_0016_cn_factor_direct_event_0016,event_derived_feature_layer,True,False,blocked_unsafe_known_structure,ordinary continuous primitive consumed sparse event or discrete state field,limit_up_any_close_not_open_in_t6,Mean,EventCount|EventAge|EventTransition|StateDwell|WindowStateCount,phase3ce1_typed_primitive_gate_v1_20260618,phase3ce1_g2_input_gate_smoke,g2_selector_input_smoke,mature_g2_candidate,blocked_unsafe_known_structure,reject,upstream typed gate already rejected row
cn_factor_direct_event_0017,"CSRank(Mean($limit_up_any_close_not_open_in_t6,3))",direct_event,event_factor,limit_up_any_close_not_open_in_t6,True,phase3aa_event_0017_cn_factor_direct_event_0017,event_derived_feature_layer,True,False,blocked_unsafe_known_structure,ordinary continuous primitive consumed sparse event or discrete state field,limit_up_any_close_not_open_in_t6,Mean,EventCount|EventAge|EventTransition|StateDwell|WindowStateCount,phase3ce1_typed_primitive_gate_v1_20260618,phase3ce1_g2_input_gate_smoke,g2_selector_input_smoke,mature_g2_candidate,blocked_unsafe_known_structure,reject,upstream typed gate already rejected row
cn_factor_direct_event_0018,"CSRank(Mean($limit_up_any_close_not_open_in_t6,5))",direct_event,event_factor,limit_up_any_close_not_open_in_t6,True,phase3aa_event_0018_cn_factor_direct_event_0018,event_derived_feature_layer,True,False,blocked_unsafe_known_structure,ordinary continuous primitive consumed sparse event or discrete state field,limit_up_any_close_not_open_in_t6,Mean,EventCount|EventAge|EventTransition|StateDwell|WindowStateCount,phase3ce1_typed_primitive_gate_v1_20260618,phase3ce1_g2_input_gate_smoke,g2_selector_input_smoke,mature_g2_candidate,blocked_unsafe_known_structure,reject,upstream typed gate already rejected row
cn_factor_direct_event_0019,"CSRank(Mean($limit_up_any_close_not_open_in_t7,2))",direct_event,event_factor,limit_up_any_close_not_open_in_t7,True,phase3aa_event_0019_cn_factor_direct_event_0019,event_derived_feature_layer,True,False,blocked_unsafe_known_structure,ordinary continuous primitive consumed sparse event or discrete state field,limit_up_any_close_not_open_in_t7,Mean,EventCount|EventAge|EventTransition|StateDwell|WindowStateCount,phase3ce1_typed_primitive_gate_v1_20260618,phase3ce1_g2_input_gate_smoke,g2_selector_input_smoke,mature_g2_candidate,blocked_unsafe_known_structure,reject,upstream typed gate already rejected row
cn_factor_direct_event_0020,"CSRank(Mean($limit_up_any_close_not_open_in_t7,3))",direct_event,event_factor,limit_up_any_close_not_open_in_t7,True,phase3aa_event_0020_cn_factor_direct_event_0020,event_derived_feature_layer,True,False,blocked_unsafe_known_structure,ordinary continuous primitive consumed sparse event or discrete state field,limit_up_any_close_not_open_in_t7,Mean,EventCount|EventAge|EventTransition|StateDwell|WindowStateCount,phase3ce1_typed_primitive_gate_v1_20260618,phase3ce1_g2_input_gate_smoke,g2_selector_input_smoke,mature_g2_candidate,blocked_unsafe_known_structure,reject,upstream typed gate already rejected row
cn_factor_direct_event_0021,"CSRank(Mean($limit_up_any_close_not_open_in_t7,5))",direct_event,event_factor,limit_up_any_close_not_open_in_t7,True,phase3aa_event_0021_cn_factor_direct_event_0021,event_derived_feature_layer,True,False,blocked_unsafe_known_structure,ordinary continuous primitive consumed sparse event or discrete state field,limit_up_any_close_not_open_in_t7,Mean,EventCount|EventAge|EventTransition|StateDwell|WindowStateCount,phase3ce1_typed_primitive_gate_v1_20260618,phase3ce1_g2_input_gate_smoke,g2_selector_input_smoke,mature_g2_candidate,blocked_unsafe_known_structure,reject,upstream typed gate already rejected row
cn_factor_direct_event_0022,"CSRank(Mean($limit_up_any_close_not_open_in_t8,2))",direct_event,event_factor,limit_up_any_close_not_open_in_t8,True,phase3aa_event_0022_cn_factor_direct_event_0022,event_derived_feature_layer,True,False,blocked_unsafe_known_structure,ordinary continuous primitive consumed sparse event or discrete state field,limit_up_any_close_not_open_in_t8,Mean,EventCount|EventAge|EventTransition|StateDwell|WindowStateCount,phase3ce1_typed_primitive_gate_v1_20260618,phase3ce1_g2_input_gate_smoke,g2_selector_input_smoke,mature_g2_candidate,blocked_unsafe_known_structure,reject,upstream typed gate already rejected row
cn_factor_direct_event_0023,"CSRank(Mean($limit_up_any_close_not_open_in_t8,3))",direct_event,event_factor,limit_up_any_close_not_open_in_t8,True,phase3aa_event_0023_cn_factor_direct_event_0023,event_derived_feature_layer,True,False,blocked_unsafe_known_structure,ordinary continuous primitive consumed sparse event or discrete state field,limit_up_any_close_not_open_in_t8,Mean,EventCount|EventAge|EventTransition|StateDwell|WindowStateCount,phase3ce1_typed_primitive_gate_v1_20260618,phase3ce1_g2_input_gate_smoke,g2_selector_input_smoke,mature_g2_candidate,blocked_unsafe_known_structure,reject,upstream typed gate already rejected row
cn_factor_direct_event_0024,"CSRank(Mean($limit_up_any_close_not_open_in_t8,5))",direct_event,event_factor,limit_up_any_close_not_open_in_t8,True,phase3aa_event_0024_cn_factor_direct_event_0024,event_derived_feature_layer,True,False,blocked_unsafe_known_structure,ordinary continuous primitive consumed sparse event or discrete state field,limit_up_any_close_not_open_in_t8,Mean,EventCount|EventAge|EventTransition|StateDwell|WindowStateCount,phase3ce1_typed_primitive_gate_v1_20260618,phase3ce1_g2_input_gate_smoke,g2_selector_input_smoke,mature_g2_candidate,blocked_unsafe_known_structure,reject,upstream typed gate already rejected row
cn_factor_direct_event_0025,"CSRank(Mean($limit_up_any_close_not_open_in_t9,2))",direct_event,event_factor,limit_up_any_close_not_open_in_t9,True,phase3aa_event_0025_cn_factor_direct_event_0025,event_derived_feature_layer,True,False,blocked_unsafe_known_structure,ordinary continuous primitive consumed sparse event or discrete state field,limit_up_any_close_not_open_in_t9,Mean,EventCount|EventAge|EventTransition|StateDwell|WindowStateCount,phase3ce1_typed_primitive_gate_v1_20260618,phase3ce1_g2_input_gate_smoke,g2_selector_input_smoke,mature_g2_candidate,blocked_unsafe_known_structure,reject,upstream typed gate already rejected row
cn_factor_direct_event_0026,"CSRank(Mean($limit_up_any_close_not_open_in_t9,3))",direct_event,event_factor,limit_up_any_close_not_open_in_t9,True,phase3aa_event_0026_cn_factor_direct_event_0026,event_derived_feature_layer,True,False,blocked_unsafe_known_structure,ordinary continuous primitive consumed sparse event or discrete state field,limit_up_any_close_not_open_in_t9,Mean,EventCount|EventAge|EventTransition|StateDwell|WindowStateCount,phase3ce1_typed_primitive_gate_v1_20260618,phase3ce1_g2_input_gate_smoke,g2_selector_input_smoke,mature_g2_candidate,blocked_unsafe_known_structure,reject,upstream typed gate already rejected row
cn_factor_direct_event_0027,"CSRank(Mean($limit_up_any_close_not_open_in_t9,5))",direct_event,event_factor,limit_up_any_close_not_open_in_t9,True,phase3aa_event_0027_cn_factor_direct_event_0027,event_derived_feature_layer,True,False,blocked_unsafe_known_structure,ordinary continuous primitive consumed sparse event or discrete state field,limit_up_any_close_not_open_in_t9,Mean,EventCount|EventAge|EventTransition|StateDwell|WindowStateCount,phase3ce1_typed_primitive_gate_v1_20260618,phase3ce1_g2_input_gate_smoke,g2_selector_input_smoke,mature_g2_candidate,blocked_unsafe_known_structure,reject,upstream typed gate already rejected row
cn_factor_direct_event_0028,"CSRank(Mean($limit_up_any_open_not_close_in_t10,2))",direct_event,event_factor,limit_up_any_open_not_close_in_t10,True,phase3aa_event_0028_cn_factor_direct_event_0028,event_derived_feature_layer,True,False,blocked_unsafe_known_structure,ordinary continuous primitive consumed sparse event or discrete state field,limit_up_any_open_not_close_in_t10,Mean,EventCount|EventAge|EventTransition|StateDwell|WindowStateCount,phase3ce1_typed_primitive_gate_v1_20260618,phase3ce1_g2_input_gate_smoke,g2_selector_input_smoke,mature_g2_candidate,blocked_unsafe_known_structure,reject,upstream typed gate already rejected row
cn_factor_direct_event_0029,"CSRank(Mean($limit_up_any_open_not_close_in_t10,3))",direct_event,event_factor,limit_up_any_open_not_close_in_t10,True,phase3aa_event_0029_cn_factor_direct_event_0029,event_derived_feature_layer,True,False,blocked_unsafe_known_structure,ordinary continuous primitive consumed sparse event or discrete state field,limit_up_any_open_not_close_in_t10,Mean,EventCount|EventAge|EventTransition|StateDwell|WindowStateCount,phase3ce1_typed_primitive_gate_v1_20260618,phase3ce1_g2_input_gate_smoke,g2_selector_input_smoke,mature_g2_candidate,blocked_unsafe_known_structure,reject,upstream typed gate already rejected row
cn_factor_direct_event_0030,"CSRank(Mean($limit_up_any_open_not_close_in_t10,5))",direct_event,event_factor,limit_up_any_open_not_close_in_t10,True,phase3aa_event_0030_cn_factor_direct_event_0030,event_derived_feature_layer,True,False,blocked_unsafe_known_structure,ordinary continuous primitive consumed sparse event or discrete state field,limit_up_any_open_not_close_in_t10,Mean,EventCount|EventAge|EventTransition|StateDwell|WindowStateCount,phase3ce1_typed_primitive_gate_v1_20260618,phase3ce1_g2_input_gate_smoke,g2_selector_input_smoke,mature_g2_candidate,blocked_unsafe_known_structure,reject,upstream typed gate already rejected row
cn_factor_direct_event_0031,"CSRank(Mean($limit_up_any_open_not_close_in_t2,2))",direct_event,event_factor,limit_up_any_open_not_close_in_t2,True,phase3aa_event_0031_cn_factor_direct_event_0031,event_derived_feature_layer,True,False,blocked_unsafe_known_structure,ordinary continuous primitive consumed sparse event or discrete state field,limit_up_any_open_not_close_in_t2,Mean,EventCount|EventAge|EventTransition|StateDwell|WindowStateCount,phase3ce1_typed_primitive_gate_v1_20260618,phase3ce1_g2_input_gate_smoke,g2_selector_input_smoke,mature_g2_candidate,blocked_unsafe_known_structure,reject,upstream typed gate already rejected row
cn_factor_direct_event_0032,"CSRank(Mean($limit_up_any_open_not_close_in_t2,3))",direct_event,event_factor,limit_up_any_open_not_close_in_t2,True,phase3aa_event_0032_cn_factor_direct_event_0032,event_derived_feature_layer,True,False,blocked_unsafe_known_structure,ordinary continuous primitive consumed sparse event or discrete state field,limit_up_any_open_not_close_in_t2,Mean,EventCount|EventAge|EventTransition|StateDwell|WindowStateCount,phase3ce1_typed_primitive_gate_v1_20260618,phase3ce1_g2_input_gate_smoke,g2_selector_input_smoke,mature_g2_candidate,blocked_unsafe_known_structure,reject,upstream typed gate already rejected row
cn_factor_direct_event_0033,"CSRank(Mean($limit_up_any_open_not_close_in_t2,5))",direct_event,event_factor,limit_up_any_open_not_close_in_t2,True,phase3aa_event_0033_cn_factor_direct_event_0033,event_derived_feature_layer,True,False,blocked_unsafe_known_structure,ordinary continuous primitive consumed sparse event or discrete state field,limit_up_any_open_not_close_in_t2,Mean,EventCount|EventAge|EventTransition|StateDwell|WindowStateCount,phase3ce1_typed_primitive_gate_v1_20260618,phase3ce1_g2_input_gate_smoke,g2_selector_input_smoke,mature_g2_candidate,blocked_unsafe_known_structure,reject,upstream typed gate already rejected row
cn_factor_direct_event_0034,"CSRank(Mean($limit_up_any_open_not_close_in_t3,2))",direct_event,event_factor,limit_up_any_open_not_close_in_t3,True,phase3aa_event_0034_cn_factor_direct_event_0034,event_derived_feature_layer,True,False,blocked_unsafe_known_structure,ordinary continuous primitive consumed sparse event or discrete state field,limit_up_any_open_not_close_in_t3,Mean,EventCount|EventAge|EventTransition|StateDwell|WindowStateCount,phase3ce1_typed_primitive_gate_v1_20260618,phase3ce1_g2_input_gate_smoke,g2_selector_input_smoke,mature_g2_candidate,blocked_unsafe_known_structure,reject,upstream typed gate already rejected row
cn_factor_direct_event_0035,"CSRank(Mean($limit_up_any_open_not_close_in_t3,3))",direct_event,event_factor,limit_up_any_open_not_close_in_t3,True,phase3aa_event_0035_cn_factor_direct_event_0035,event_derived_feature_layer,True,False,blocked_unsafe_known_structure,ordinary continuous primitive consumed sparse event or discrete state field,limit_up_any_open_not_close_in_t3,Mean,EventCount|EventAge|EventTransition|StateDwell|WindowStateCount,phase3ce1_typed_primitive_gate_v1_20260618,phase3ce1_g2_input_gate_smoke,g2_selector_input_smoke,mature_g2_candidate,blocked_unsafe_known_structure,reject,upstream typed gate already rejected row
cn_factor_direct_event_0036,"CSRank(Mean($limit_up_any_open_not_close_in_t3,5))",direct_event,event_factor,limit_up_any_open_not_close_in_t3,True,phase3aa_event_0036_cn_factor_direct_event_0036,event_derived_feature_layer,True,False,blocked_unsafe_known_structure,ordinary continuous primitive consumed sparse event or discrete state field,limit_up_any_open_not_close_in_t3,Mean,EventCount|EventAge|EventTransition|StateDwell|WindowStateCount,phase3ce1_typed_primitive_gate_v1_20260618,phase3ce1_g2_input_gate_smoke,g2_selector_input_smoke,mature_g2_candidate,blocked_unsafe_known_structure,reject,upstream typed gate already rejected row
cn_factor_direct_event_0037,"CSRank(Mean($limit_up_any_open_not_close_in_t4,2))",direct_event,event_factor,limit_up_any_open_not_close_in_t4,True,phase3aa_event_0037_cn_factor_direct_event_0037,event_derived_feature_layer,True,False,blocked_unsafe_known_structure,ordinary continuous primitive consumed sparse event or discrete state field,limit_up_any_open_not_close_in_t4,Mean,EventCount|EventAge|EventTransition|StateDwell|WindowStateCount,phase3ce1_typed_primitive_gate_v1_20260618,phase3ce1_g2_input_gate_smoke,g2_selector_input_smoke,mature_g2_candidate,blocked_unsafe_known_structure,reject,upstream typed gate already rejected row
cn_factor_direct_event_0038,"CSRank(Mean($limit_up_any_open_not_close_in_t4,3))",direct_event,event_factor,limit_up_any_open_not_close_in_t4,True,phase3aa_event_0038_cn_factor_direct_event_0038,event_derived_feature_layer,True,False,blocked_unsafe_known_structure,ordinary continuous primitive consumed sparse event or discrete state field,limit_up_any_open_not_close_in_t4,Mean,EventCount|EventAge|EventTransition|StateDwell|WindowStateCount,phase3ce1_typed_primitive_gate_v1_20260618,phase3ce1_g2_input_gate_smoke,g2_selector_input_smoke,mature_g2_candidate,blocked_unsafe_known_structure,reject,upstream typed gate already rejected row
cn_factor_direct_event_0039,"CSRank(Mean($limit_up_any_open_not_close_in_t4,5))",direct_event,event_factor,limit_up_any_open_not_close_in_t4,True,phase3aa_event_0039_cn_factor_direct_event_0039,event_derived_feature_layer,True,False,blocked_unsafe_known_structure,ordinary continuous primitive consumed sparse event or discrete state field,limit_up_any_open_not_close_in_t4,Mean,EventCount|EventAge|EventTransition|StateDwell|WindowStateCount,phase3ce1_typed_primitive_gate_v1_20260618,phase3ce1_g2_input_gate_smoke,g2_selector_input_smoke,mature_g2_candidate,blocked_unsafe_known_structure,reject,upstream typed gate already rejected row
cn_factor_direct_event_0040,"CSRank(Mean($limit_up_any_open_not_close_in_t5,2))",direct_event,event_factor,limit_up_any_open_not_close_in_t5,True,phase3aa_event_0040_cn_factor_direct_event_0040,event_derived_feature_layer,True,False,blocked_unsafe_known_structure,ordinary continuous primitive consumed sparse event or discrete state field,limit_up_any_open_not_close_in_t5,Mean,EventCount|EventAge|EventTransition|StateDwell|WindowStateCount,phase3ce1_typed_primitive_gate_v1_20260618,phase3ce1_g2_input_gate_smoke,g2_selector_input_smoke,mature_g2_candidate,blocked_unsafe_known_structure,reject,upstream typed gate already rejected row
cn_factor_direct_event_0041,"CSRank(Mean($limit_up_any_open_not_close_in_t5,3))",direct_event,event_factor,limit_up_any_open_not_close_in_t5,True,phase3aa_event_0041_cn_factor_direct_event_0041,event_derived_feature_layer,True,False,blocked_unsafe_known_structure,ordinary continuous primitive consumed sparse event or discrete state field,limit_up_any_open_not_close_in_t5,Mean,EventCount|EventAge|EventTransition|StateDwell|WindowStateCount,phase3ce1_typed_primitive_gate_v1_20260618,phase3ce1_g2_input_gate_smoke,g2_selector_input_smoke,mature_g2_candidate,blocked_unsafe_known_structure,reject,upstream typed gate already rejected row
cn_factor_direct_event_0042,"CSRank(Mean($limit_up_any_open_not_close_in_t5,5))",direct_event,event_factor,limit_up_any_open_not_close_in_t5,True,phase3aa_event_0042_cn_factor_direct_event_0042,event_derived_feature_layer,True,False,blocked_unsafe_known_structure,ordinary continuous primitive consumed sparse event or discrete state field,limit_up_any_open_not_close_in_t5,Mean,EventCount|EventAge|EventTransition|StateDwell|WindowStateCount,phase3ce1_typed_primitive_gate_v1_20260618,phase3ce1_g2_input_gate_smoke,g2_selector_input_smoke,mature_g2_candidate,blocked_unsafe_known_structure,reject,upstream typed gate already rejected row
cn_factor_direct_event_0043,"CSRank(Mean($limit_up_any_open_not_close_in_t6,2))",direct_event,event_factor,limit_up_any_open_not_close_in_t6,True,phase3aa_event_0043_cn_factor_direct_event_0043,event_derived_feature_layer,True,False,blocked_unsafe_known_structure,ordinary continuous primitive consumed sparse event or discrete state field,limit_up_any_open_not_close_in_t6,Mean,EventCount|EventAge|EventTransition|StateDwell|WindowStateCount,phase3ce1_typed_primitive_gate_v1_20260618,phase3ce1_g2_input_gate_smoke,g2_selector_input_smoke,mature_g2_candidate,blocked_unsafe_known_structure,reject,upstream typed gate already rejected row
cn_factor_direct_event_0044,"CSRank(Mean($limit_up_any_open_not_close_in_t6,3))",direct_event,event_factor,limit_up_any_open_not_close_in_t6,True,phase3aa_event_0044_cn_factor_direct_event_0044,event_derived_feature_layer,True,False,blocked_unsafe_known_structure,ordinary continuous primitive consumed sparse event or discrete state field,limit_up_any_open_not_close_in_t6,Mean,EventCount|EventAge|EventTransition|StateDwell|WindowStateCount,phase3ce1_typed_primitive_gate_v1_20260618,phase3ce1_g2_input_gate_smoke,g2_selector_input_smoke,mature_g2_candidate,blocked_unsafe_known_structure,reject,upstream typed gate already rejected row
cn_factor_direct_event_0045,"CSRank(Mean($limit_up_any_open_not_close_in_t6,5))",direct_event,event_factor,limit_up_any_open_not_close_in_t6,True,phase3aa_event_0045_cn_factor_direct_event_0045,event_derived_feature_layer,True,False,blocked_unsafe_known_structure,ordinary continuous primitive consumed sparse event or discrete state field,limit_up_any_open_not_close_in_t6,Mean,EventCount|EventAge|EventTransition|StateDwell|WindowStateCount,phase3ce1_typed_primitive_gate_v1_20260618,phase3ce1_g2_input_gate_smoke,g2_selector_input_smoke,mature_g2_candidate,blocked_unsafe_known_structure,reject,upstream typed gate already rejected row
cn_factor_direct_event_0046,"CSRank(Mean($limit_up_any_open_not_close_in_t7,2))",direct_event,event_factor,limit_up_any_open_not_close_in_t7,True,phase3aa_event_0046_cn_factor_direct_event_0046,event_derived_feature_layer,True,False,blocked_unsafe_known_structure,ordinary continuous primitive consumed sparse event or discrete state field,limit_up_any_open_not_close_in_t7,Mean,EventCount|EventAge|EventTransition|StateDwell|WindowStateCount,phase3ce1_typed_primitive_gate_v1_20260618,phase3ce1_g2_input_gate_smoke,g2_selector_input_smoke,mature_g2_candidate,blocked_unsafe_known_structure,reject,upstream typed gate already rejected row
cn_factor_direct_event_0047,"CSRank(Mean($limit_up_any_open_not_close_in_t7,3))",direct_event,event_factor,limit_up_any_open_not_close_in_t7,True,phase3aa_event_0047_cn_factor_direct_event_0047,event_derived_feature_layer,True,False,blocked_unsafe_known_structure,ordinary continuous primitive consumed sparse event or discrete state field,limit_up_any_open_not_close_in_t7,Mean,EventCount|EventAge|EventTransition|StateDwell|WindowStateCount,phase3ce1_typed_primitive_gate_v1_20260618,phase3ce1_g2_input_gate_smoke,g2_selector_input_smoke,mature_g2_candidate,blocked_unsafe_known_structure,reject,upstream typed gate already rejected row
cn_factor_direct_event_0048,"CSRank(Mean($limit_up_any_open_not_close_in_t7,5))",direct_event,event_factor,limit_up_any_open_not_close_in_t7,True,phase3aa_event_0048_cn_factor_direct_event_0048,event_derived_feature_layer,True,False,blocked_unsafe_known_structure,ordinary continuous primitive consumed sparse event or discrete state field,limit_up_any_open_not_close_in_t7,Mean,EventCount|EventAge|EventTransition|StateDwell|WindowStateCount,phase3ce1_typed_primitive_gate_v1_20260618,phase3ce1_g2_input_gate_smoke,g2_selector_input_smoke,mature_g2_candidate,blocked_unsafe_known_structure,reject,upstream typed gate already rejected row
cn_factor_direct_event_0049,"CSRank(Mean($limit_up_any_open_not_close_in_t8,2))",direct_event,event_factor,limit_up_any_open_not_close_in_t8,True,phase3aa_event_0049_cn_factor_direct_event_0049,event_derived_feature_layer,True,False,blocked_unsafe_known_structure,ordinary continuous primitive consumed sparse event or discrete state field,limit_up_any_open_not_close_in_t8,Mean,EventCount|EventAge|EventTransition|StateDwell|WindowStateCount,phase3ce1_typed_primitive_gate_v1_20260618,phase3ce1_g2_input_gate_smoke,g2_selector_input_smoke,mature_g2_candidate,blocked_unsafe_known_structure,reject,upstream typed gate already rejected row
cn_factor_direct_event_0050,"CSRank(Mean($limit_up_any_open_not_close_in_t8,3))",direct_event,event_factor,limit_up_any_open_not_close_in_t8,True,phase3aa_event_0050_cn_factor_direct_event_0050,event_derived_feature_layer,True,False,blocked_unsafe_known_structure,ordinary continuous primitive consumed sparse event or discrete state field,limit_up_any_open_not_close_in_t8,Mean,EventCount|EventAge|EventTransition|StateDwell|WindowStateCount,phase3ce1_typed_primitive_gate_v1_20260618,phase3ce1_g2_input_gate_smoke,g2_selector_input_smoke,mature_g2_candidate,blocked_unsafe_known_structure,reject,upstream typed gate already rejected row
cn_factor_direct_event_0051,"CSRank(Mean($limit_up_any_open_not_close_in_t8,5))",direct_event,event_factor,limit_up_any_open_not_close_in_t8,True,phase3aa_event_0051_cn_factor_direct_event_0051,event_derived_feature_layer,True,False,blocked_unsafe_known_structure,ordinary continuous primitive consumed sparse event or discrete state field,limit_up_any_open_not_close_in_t8,Mean,EventCount|EventAge|EventTransition|StateDwell|WindowStateCount,phase3ce1_typed_primitive_gate_v1_20260618,phase3ce1_g2_input_gate_smoke,g2_selector_input_smoke,mature_g2_candidate,blocked_unsafe_known_structure,reject,upstream typed gate already rejected row
cn_factor_direct_event_0052,"CSRank(Mean($limit_up_any_open_not_close_in_t9,2))",direct_event,event_factor,limit_up_any_open_not_close_in_t9,True,phase3aa_event_0052_cn_factor_direct_event_0052,event_derived_feature_layer,True,False,blocked_unsafe_known_structure,ordinary continuous primitive consumed sparse event or discrete state field,limit_up_any_open_not_close_in_t9,Mean,EventCount|EventAge|EventTransition|StateDwell|WindowStateCount,phase3ce1_typed_primitive_gate_v1_20260618,phase3ce1_g2_input_gate_smoke,g2_selector_input_smoke,mature_g2_candidate,blocked_unsafe_known_structure,reject,upstream typed gate already rejected row
cn_factor_direct_event_0053,"CSRank(Mean($limit_up_any_open_not_close_in_t9,3))",direct_event,event_factor,limit_up_any_open_not_close_in_t9,True,phase3aa_event_0053_cn_factor_direct_event_0053,event_derived_feature_layer,True,False,blocked_unsafe_known_structure,ordinary continuous primitive consumed sparse event or discrete state field,limit_up_any_open_not_close_in_t9,Mean,EventCount|EventAge|EventTransition|StateDwell|WindowStateCount,phase3ce1_typed_primitive_gate_v1_20260618,phase3ce1_g2_input_gate_smoke,g2_selector_input_smoke,mature_g2_candidate,blocked_unsafe_known_structure,reject,upstream typed gate already rejected row
cn_factor_direct_event_0054,"CSRank(Mean($limit_up_any_open_not_close_in_t9,5))",direct_event,event_factor,limit_up_any_open_not_close_in_t9,True,phase3aa_event_0054_cn_factor_direct_event_0054,event_derived_feature_layer,True,False,blocked_unsafe_known_structure,ordinary continuous primitive consumed sparse event or discrete state field,limit_up_any_open_not_close_in_t9,Mean,EventCount|EventAge|EventTransition|StateDwell|WindowStateCount,phase3ce1_typed_primitive_gate_v1_20260618,phase3ce1_g2_input_gate_smoke,g2_selector_input_smoke,mature_g2_candidate,blocked_unsafe_known_structure,reject,upstream typed gate already rejected row
cn_factor_direct_event_0055,"CSRank(Mean($limit_up_close_not_open,2))",direct_event,event_factor,limit_up_close_not_open,True,phase3aa_event_0055_cn_factor_direct_event_0055,event_derived_feature_layer,True,False,blocked_unsafe_known_structure,ordinary continuous primitive consumed sparse event or discrete state field,limit_up_close_not_open,Mean,EventCount|EventAge|EventTransition|StateDwell|WindowStateCount,phase3ce1_typed_primitive_gate_v1_20260618,phase3ce1_g2_input_gate_smoke,g2_selector_input_smoke,mature_g2_candidate,blocked_unsafe_known_structure,reject,upstream typed gate already rejected row
cn_factor_direct_event_0056,"CSRank(Mean($limit_up_close_not_open,3))",direct_event,event_factor,limit_up_close_not_open,True,phase3aa_event_0056_cn_factor_direct_event_0056,event_derived_feature_layer,True,False,blocked_unsafe_known_structure,ordinary continuous primitive consumed sparse event or discrete state field,limit_up_close_not_open,Mean,EventCount|EventAge|EventTransition|StateDwell|WindowStateCount,phase3ce1_typed_primitive_gate_v1_20260618,phase3ce1_g2_input_gate_smoke,g2_selector_input_smoke,mature_g2_candidate,blocked_unsafe_known_structure,reject,upstream typed gate already rejected row
cn_factor_direct_event_0057,"CSRank(Mean($limit_up_close_not_open,5))",direct_event,event_factor,limit_up_close_not_open,True,phase3aa_event_0057_cn_factor_direct_event_0057,event_derived_feature_layer,True,False,blocked_unsafe_known_structure,ordinary continuous primitive consumed sparse event or discrete state field,limit_up_close_not_open,Mean,EventCount|EventAge|EventTransition|StateDwell|WindowStateCount,phase3ce1_typed_primitive_gate_v1_20260618,phase3ce1_g2_input_gate_smoke,g2_selector_input_smoke,mature_g2_candidate,blocked_unsafe_known_structure,reject,upstream typed gate already rejected row
cn_factor_direct_event_0058,"CSRank(Mean($limit_up_open_not_close,2))",direct_event,event_factor,limit_up_open_not_close,False,,,,False,blocked_unsafe_known_structure,ordinary continuous primitive consumed sparse event or discrete state field,limit_up_open_not_close,Mean,EventCount|EventAge|EventTransition|StateDwell|WindowStateCount,phase3ce1_typed_primitive_gate_v1_20260618,phase3ce1_g2_input_gate_smoke,g2_selector_input_smoke,mature_g2_candidate,blocked_unsafe_known_structure,reject,upstream typed gate already rejected row
cn_factor_direct_event_0059,"CSRank(Mean($limit_up_open_not_close,3))",direct_event,event_factor,limit_up_open_not_close,True,phase3aa_event_0058_cn_factor_direct_event_0059,event_derived_feature_layer,True,False,blocked_unsafe_known_structure,ordinary continuous primitive consumed sparse event or discrete state field,limit_up_open_not_close,Mean,EventCount|EventAge|EventTransition|StateDwell|WindowStateCount,phase3ce1_typed_primitive_gate_v1_20260618,phase3ce1_g2_input_gate_smoke,g2_selector_input_smoke,mature_g2_candidate,blocked_unsafe_known_structure,reject,upstream typed gate already rejected row
cn_factor_direct_event_0060,"CSRank(Mean($limit_up_open_not_close,5))",direct_event,event_factor,limit_up_open_not_close,True,phase3aa_event_0059_cn_factor_direct_event_0060,event_derived_feature_layer,True,False,blocked_unsafe_known_structure,ordinary continuous primitive consumed sparse event or discrete state field,limit_up_open_not_close,Mean,EventCount|EventAge|EventTransition|StateDwell|WindowStateCount,phase3ce1_typed_primitive_gate_v1_20260618,phase3ce1_g2_input_gate_smoke,g2_selector_input_smoke,mature_g2_candidate,blocked_unsafe_known_structure,reject,upstream typed gate already rejected row
cn_factor_direct_event_0061,"CSRank(Mean($limit_up_touch_not_close,2))",direct_event,event_factor,limit_up_touch_not_close,False,,,,False,blocked_unsafe_known_structure,ordinary continuous primitive consumed sparse event or discrete state field,limit_up_touch_not_close,Mean,EventCount|EventAge|EventTransition|StateDwell|WindowStateCount,phase3ce1_typed_primitive_gate_v1_20260618,phase3ce1_g2_input_gate_smoke,g2_selector_input_smoke,mature_g2_candidate,blocked_unsafe_known_structure,reject,upstream typed gate already rejected row
cn_factor_direct_event_0062,"CSRank(Mean($limit_up_touch_not_close,3))",direct_event,event_factor,limit_up_touch_not_close,True,phase3aa_event_0060_cn_factor_direct_event_0062,event_derived_feature_layer,True,False,blocked_unsafe_known_structure,ordinary continuous primitive consumed sparse event or discrete state field,limit_up_touch_not_close,Mean,EventCount|EventAge|EventTransition|StateDwell|WindowStateCount,phase3ce1_typed_primitive_gate_v1_20260618,phase3ce1_g2_input_gate_smoke,g2_selector_input_smoke,mature_g2_candidate,blocked_unsafe_known_structure,reject,upstream typed gate already rejected row
cn_factor_direct_event_0063,"CSRank(Mean($limit_up_touch_not_close,5))",direct_event,event_factor,limit_up_touch_not_close,True,phase3aa_event_0061_cn_factor_direct_event_0063,event_derived_feature_layer,True,False,blocked_unsafe_known_structure,ordinary continuous primitive consumed sparse event or discrete state field,limit_up_touch_not_close,Mean,EventCount|EventAge|EventTransition|StateDwell|WindowStateCount,phase3ce1_typed_primitive_gate_v1_20260618,phase3ce1_g2_input_gate_smoke,g2_selector_input_smoke,mature_g2_candidate,blocked_unsafe_known_structure,reject,upstream typed gate already rejected row
cn_factor_direct_event_0064,"CSRank(Mean($high_board_rank,2))",direct_event,event_factor,high_board_rank,False,,,,False,blocked_unsafe_known_structure,ordinary continuous primitive consumed sparse event or discrete state field,high_board_rank,Mean,EventCount|EventAge|EventTransition|StateDwell|WindowStateCount,phase3ce1_typed_primitive_gate_v1_20260618,phase3ce1_g2_input_gate_smoke,g2_selector_input_smoke,mature_g2_candidate,blocked_unsafe_known_structure,reject,upstream typed gate already rejected row
cn_factor_direct_event_0065,"CSRank(Mean($high_board_rank,3))",direct_event,event_factor,high_board_rank,True,phase3aa_event_0062_cn_factor_direct_event_0065,event_derived_feature_layer,True,False,blocked_unsafe_known_structure,ordinary continuous primitive consumed sparse event or discrete state field,high_board_rank,Mean,EventCount|EventAge|EventTransition|StateDwell|WindowStateCount,phase3ce1_typed_primitive_gate_v1_20260618,phase3ce1_g2_input_gate_smoke,g2_selector_input_smoke,mature_g2_candidate,blocked_unsafe_known_structure,reject,upstream typed gate already rejected row
cn_factor_direct_event_0066,"CSRank(Mean($high_board_rank,5))",direct_event,event_factor,high_board_rank,True,phase3aa_event_0063_cn_factor_direct_event_0066,event_derived_feature_layer,True,False,blocked_unsafe_known_structure,ordinary continuous primitive consumed sparse event or discrete state field,high_board_rank,Mean,EventCount|EventAge|EventTransition|StateDwell|WindowStateCount,phase3ce1_typed_primitive_gate_v1_20260618,phase3ce1_g2_input_gate_smoke,g2_selector_input_smoke,mature_g2_candidate,blocked_unsafe_known_structure,reject,upstream typed gate already rejected row
cn_factor_direct_event_0067,"CSRank(Mean($is_market_high_board,2))",direct_event,event_factor,is_market_high_board,False,,,,False,blocked_unsafe_known_structure,ordinary continuous primitive consumed sparse event or discrete state field,is_market_high_board,Mean,EventCount|EventAge|EventTransition|StateDwell|WindowStateCount,phase3ce1_typed_primitive_gate_v1_20260618,phase3ce1_g2_input_gate_smoke,g2_selector_input_smoke,mature_g2_candidate,blocked_unsafe_known_structure,reject,upstream typed gate already rejected row
cn_factor_direct_event_0068,"CSRank(Mean($is_market_high_board,3))",direct_event,event_factor,is_market_high_board,True,phase3aa_event_0064_cn_factor_direct_event_0068,event_derived_feature_layer,True,False,blocked_unsafe_known_structure,ordinary continuous primitive consumed sparse event or discrete state field,is_market_high_board,Mean,EventCount|EventAge|EventTransition|StateDwell|WindowStateCount,phase3ce1_typed_primitive_gate_v1_20260618,phase3ce1_g2_input_gate_smoke,g2_selector_input_smoke,mature_g2_candidate,blocked_unsafe_known_structure,reject,upstream typed gate already rejected row
cn_factor_direct_event_0069,"CSRank(Mean($is_market_high_board,5))",direct_event,event_factor,is_market_high_board,True,phase3aa_event_0065_cn_factor_direct_event_0069,event_derived_feature_layer,True,False,blocked_unsafe_known_structure,ordinary continuous primitive consumed sparse event or discrete state field,is_market_high_board,Mean,EventCount|EventAge|EventTransition|StateDwell|WindowStateCount,phase3ce1_typed_primitive_gate_v1_20260618,phase3ce1_g2_input_gate_smoke,g2_selector_input_smoke,mature_g2_candidate,blocked_unsafe_known_structure,reject,upstream typed gate already rejected row
cn_factor_direct_event_0070,"CSRank(Mean($limit_up_break,2))",direct_event,event_factor,limit_up_break,False,,,,False,blocked_unsafe_known_structure,ordinary continuous primitive consumed sparse event or discrete state field,limit_up_break,Mean,EventCount|EventAge|EventTransition|StateDwell|WindowStateCount,phase3ce1_typed_primitive_gate_v1_20260618,phase3ce1_g2_input_gate_smoke,g2_selector_input_smoke,mature_g2_candidate,blocked_unsafe_known_structure,reject,upstream typed gate already rejected row
cn_factor_direct_event_0071,"CSRank(Mean($limit_up_break,3))",direct_event,event_factor,limit_up_break,True,phase3aa_event_0066_cn_factor_direct_event_0071,event_derived_feature_layer,True,False,blocked_unsafe_known_structure,ordinary continuous primitive consumed sparse event or discrete state field,limit_up_break,Mean,EventCount|EventAge|EventTransition|StateDwell|WindowStateCount,phase3ce1_typed_primitive_gate_v1_20260618,phase3ce1_g2_input_gate_smoke,g2_selector_input_smoke,mature_g2_candidate,blocked_unsafe_known_structure,reject,upstream typed gate already rejected row
cn_factor_direct_event_0072,"CSRank(Mean($limit_up_break,5))",direct_event,event_factor,limit_up_break,True,phase3aa_event_0067_cn_factor_direct_event_0072,event_derived_feature_layer,True,False,blocked_unsafe_known_structure,ordinary continuous primitive consumed sparse event or discrete state field,limit_up_break,Mean,EventCount|EventAge|EventTransition|StateDwell|WindowStateCount,phase3ce1_typed_primitive_gate_v1_20260618,phase3ce1_g2_input_gate_smoke,g2_selector_input_smoke,mature_g2_candidate,blocked_unsafe_known_structure,reject,upstream typed gate already rejected row
cn_factor_direct_event_0073,"CSRank(Mean($limit_up_close_event,2))",direct_event,event_factor,limit_up_close_event,False,,,,False,blocked_unsafe_known_structure,ordinary continuous primitive consumed sparse event or discrete state field,limit_up_close_event,Mean,EventCount|EventAge|EventTransition|StateDwell|WindowStateCount,phase3ce1_typed_primitive_gate_v1_20260618,phase3ce1_g2_input_gate_smoke,g2_selector_input_smoke,mature_g2_candidate,blocked_unsafe_known_structure,reject,upstream typed gate already rejected row
cn_factor_direct_event_0074,"CSRank(Mean($limit_up_close_event,3))",direct_event,event_factor,limit_up_close_event,False,,,,False,blocked_unsafe_known_structure,ordinary continuous primitive consumed sparse event or discrete state field,limit_up_close_event,Mean,EventCount|EventAge|EventTransition|StateDwell|WindowStateCount,phase3ce1_typed_primitive_gate_v1_20260618,phase3ce1_g2_input_gate_smoke,g2_selector_input_smoke,mature_g2_candidate,blocked_unsafe_known_structure,reject,upstream typed gate already rejected row
cn_factor_direct_event_0075,"CSRank(Mean($limit_up_close_event,5))",direct_event,event_factor,limit_up_close_event,True,phase3aa_event_0068_cn_factor_direct_event_0075,event_derived_feature_layer,True,False,blocked_unsafe_known_structure,ordinary continuous primitive consumed sparse event or discrete state field,limit_up_close_event,Mean,EventCount|EventAge|EventTransition|StateDwell|WindowStateCount,phase3ce1_typed_primitive_gate_v1_20260618,phase3ce1_g2_input_gate_smoke,g2_selector_input_smoke,mature_g2_candidate,blocked_unsafe_known_structure,reject,upstream typed gate already rejected row
cn_factor_direct_event_0076,"CSRank(Mean($limit_up_keep_times_vendor,2))",direct_event,event_factor,limit_up_keep_times_vendor,True,phase3aa_event_0069_cn_factor_direct_event_0076,event_derived_feature_layer,True,False,blocked_unsafe_known_structure,ordinary continuous primitive consumed sparse event or discrete state field,limit_up_keep_times_vendor,Mean,EventCount|EventAge|EventTransition|StateDwell|WindowStateCount,phase3ce1_typed_primitive_gate_v1_20260618,phase3ce1_g2_input_gate_smoke,g2_selector_input_smoke,mature_g2_candidate,blocked_unsafe_known_structure,reject,upstream typed gate already rejected row
cn_factor_direct_event_0077,"CSRank(Mean($limit_up_keep_times_vendor,3))",direct_event,event_factor,limit_up_keep_times_vendor,True,phase3aa_event_0070_cn_factor_direct_event_0077,event_derived_feature_layer,True,False,blocked_unsafe_known_structure,ordinary continuous primitive consumed sparse event or discrete state field,limit_up_keep_times_vendor,Mean,EventCount|EventAge|EventTransition|StateDwell|WindowStateCount,phase3ce1_typed_primitive_gate_v1_20260618,phase3ce1_g2_input_gate_smoke,g2_selector_input_smoke,mature_g2_candidate,blocked_unsafe_known_structure,reject,upstream typed gate already rejected row
cn_factor_direct_event_0078,"CSRank(Mean($limit_up_keep_times_vendor,5))",direct_event,event_factor,limit_up_keep_times_vendor,True,phase3aa_event_0071_cn_factor_direct_event_0078,event_derived_feature_layer,True,False,blocked_unsafe_known_structure,ordinary continuous primitive consumed sparse event or discrete state field,limit_up_keep_times_vendor,Mean,EventCount|EventAge|EventTransition|StateDwell|WindowStateCount,phase3ce1_typed_primitive_gate_v1_20260618,phase3ce1_g2_input_gate_smoke,g2_selector_input_smoke,mature_g2_candidate,blocked_unsafe_known_structure,reject,upstream typed gate already rejected row
cn_factor_direct_event_0079,"CSRank(Mean($limit_up_open_event,2))",direct_event,event_factor,limit_up_open_event,False,,,,False,blocked_unsafe_known_structure,ordinary continuous primitive consumed sparse event or discrete state field,limit_up_open_event,Mean,EventCount|EventAge|EventTransition|StateDwell|WindowStateCount,phase3ce1_typed_primitive_gate_v1_20260618,phase3ce1_g2_input_gate_smoke,g2_selector_input_smoke,mature_g2_candidate,blocked_unsafe_known_structure,reject,upstream typed gate already rejected row
cn_factor_direct_event_0080,"CSRank(Mean($limit_up_open_event,3))",direct_event,event_factor,limit_up_open_event,False,,,,False,blocked_unsafe_known_structure,ordinary continuous primitive consumed sparse event or discrete state field,limit_up_open_event,Mean,EventCount|EventAge|EventTransition|StateDwell|WindowStateCount,phase3ce1_typed_primitive_gate_v1_20260618,phase3ce1_g2_input_gate_smoke,g2_selector_input_smoke,mature_g2_candidate,blocked_unsafe_known_structure,reject,upstream typed gate already rejected row
cn_factor_direct_event_0081,"CSRank(Mean($limit_up_open_event,5))",direct_event,event_factor,limit_up_open_event,True,phase3aa_event_0072_cn_factor_direct_event_0081,event_derived_feature_layer,True,False,blocked_unsafe_known_structure,ordinary continuous primitive consumed sparse event or discrete state field,limit_up_open_event,Mean,EventCount|EventAge|EventTransition|StateDwell|WindowStateCount,phase3ce1_typed_primitive_gate_v1_20260618,phase3ce1_g2_input_gate_smoke,g2_selector_input_smoke,mature_g2_candidate,blocked_unsafe_known_structure,reject,upstream typed gate already rejected row
cn_factor_direct_event_0082,"CSRank(Mean($limit_up_streak_close,2))",direct_event,event_factor,limit_up_streak_close,True,phase3aa_event_0073_cn_factor_direct_event_0082,event_derived_feature_layer,True,False,blocked_unsafe_known_structure,ordinary continuous primitive consumed sparse event or discrete state field,limit_up_streak_close,Mean,EventCount|EventAge|EventTransition|StateDwell|WindowStateCount,phase3ce1_typed_primitive_gate_v1_20260618,phase3ce1_g2_input_gate_smoke,g2_selector_input_smoke,mature_g2_candidate,blocked_unsafe_known_structure,reject,upstream typed gate already rejected row
cn_factor_direct_event_0083,"CSRank(Mean($limit_up_streak_close,3))",direct_event,event_factor,limit_up_streak_close,True,phase3aa_event_0074_cn_factor_direct_event_0083,event_derived_feature_layer,True,False,blocked_unsafe_known_structure,ordinary continuous primitive consumed sparse event or discrete state field,limit_up_streak_close,Mean,EventCount|EventAge|EventTransition|StateDwell|WindowStateCount,phase3ce1_typed_primitive_gate_v1_20260618,phase3ce1_g2_input_gate_smoke,g2_selector_input_smoke,mature_g2_candidate,blocked_unsafe_known_structure,reject,upstream typed gate already rejected row
cn_factor_direct_event_0084,"CSRank(Mean($limit_up_streak_close,5))",direct_event,event_factor,limit_up_streak_close,True,phase3aa_event_0075_cn_factor_direct_event_0084,event_derived_feature_layer,True,False,blocked_unsafe_known_structure,ordinary continuous primitive consumed sparse event or discrete state field,limit_up_streak_close,Mean,EventCount|EventAge|EventTransition|StateDwell|WindowStateCount,phase3ce1_typed_primitive_gate_v1_20260618,phase3ce1_g2_input_gate_smoke,g2_selector_input_smoke,mature_g2_candidate,blocked_unsafe_known_structure,reject,upstream typed gate already rejected row
cn_factor_direct_event_0085,"CSRank(Mean($limit_up_streak_touch,2))",direct_event,event_factor,limit_up_streak_touch,True,phase3aa_event_0076_cn_factor_direct_event_0085,event_derived_feature_layer,True,False,blocked_unsafe_known_structure,ordinary continuous primitive consumed sparse event or discrete state field,limit_up_streak_touch,Mean,EventCount|EventAge|EventTransition|StateDwell|WindowStateCount,phase3ce1_typed_primitive_gate_v1_20260618,phase3ce1_g2_input_gate_smoke,g2_selector_input_smoke,mature_g2_candidate,blocked_unsafe_known_structure,reject,upstream typed gate already rejected row
cn_factor_direct_event_0086,"CSRank(Mean($limit_up_streak_touch,3))",direct_event,event_factor,limit_up_streak_touch,True,phase3aa_event_0077_cn_factor_direct_event_0086,event_derived_feature_layer,True,False,blocked_unsafe_known_structure,ordinary continuous primitive consumed sparse event or discrete state field,limit_up_streak_touch,Mean,EventCount|EventAge|EventTransition|StateDwell|WindowStateCount,phase3ce1_typed_primitive_gate_v1_20260618,phase3ce1_g2_input_gate_smoke,g2_selector_input_smoke,mature_g2_candidate,blocked_unsafe_known_structure,reject,upstream typed gate already rejected row
cn_factor_direct_event_0087,"CSRank(Mean($limit_up_streak_touch,5))",direct_event,event_factor,limit_up_streak_touch,True,phase3aa_event_0078_cn_factor_direct_event_0087,event_derived_feature_layer,True,False,blocked_unsafe_known_structure,ordinary continuous primitive consumed sparse event or discrete state field,limit_up_streak_touch,Mean,EventCount|EventAge|EventTransition|StateDwell|WindowStateCount,phase3ce1_typed_primitive_gate_v1_20260618,phase3ce1_g2_input_gate_smoke,g2_selector_input_smoke,mature_g2_candidate,blocked_unsafe_known_structure,reject,upstream typed gate already rejected row
cn_factor_direct_event_0088,"CSRank(Mean($limit_up_touch_event,2))",direct_event,event_factor,limit_up_touch_event,False,,,,False,blocked_unsafe_known_structure,ordinary continuous primitive consumed sparse event or discrete state field,limit_up_touch_event,Mean,EventCount|EventAge|EventTransition|StateDwell|WindowStateCount,phase3ce1_typed_primitive_gate_v1_20260618,phase3ce1_g2_input_gate_smoke,g2_selector_input_smoke,mature_g2_candidate,blocked_unsafe_known_structure,reject,upstream typed gate already rejected row
cn_factor_direct_event_0089,"CSRank(Mean($limit_up_touch_event,3))",direct_event,event_factor,limit_up_touch_event,False,,,,False,blocked_unsafe_known_structure,ordinary continuous primitive consumed sparse event or discrete state field,limit_up_touch_event,Mean,EventCount|EventAge|EventTransition|StateDwell|WindowStateCount,phase3ce1_typed_primitive_gate_v1_20260618,phase3ce1_g2_input_gate_smoke,g2_selector_input_smoke,mature_g2_candidate,blocked_unsafe_known_structure,reject,upstream typed gate already rejected row
cn_factor_direct_event_0090,"CSRank(Mean($limit_up_touch_event,5))",direct_event,event_factor,limit_up_touch_event,True,phase3aa_event_0079_cn_factor_direct_event_0090,event_derived_feature_layer,True,False,blocked_unsafe_known_structure,ordinary continuous primitive consumed sparse event or discrete state field,limit_up_touch_event,Mean,EventCount|EventAge|EventTransition|StateDwell|WindowStateCount,phase3ce1_typed_primitive_gate_v1_20260618,phase3ce1_g2_input_gate_smoke,g2_selector_input_smoke,mature_g2_candidate,blocked_unsafe_known_structure,reject,upstream typed gate already rejected row
cn_factor_direct_event_0094,"CSRank(Mean($open_board_record,2))",direct_event,event_factor,open_board_record,True,phase3aa_event_0082_cn_factor_direct_event_0094,event_derived_feature_layer,True,False,blocked_unsafe_known_structure,ordinary continuous primitive consumed sparse event or discrete state field,open_board_record,Mean,EventCount|EventAge|EventTransition|StateDwell|WindowStateCount,phase3ce1_typed_primitive_gate_v1_20260618,phase3ce1_g2_input_gate_smoke,g2_selector_input_smoke,mature_g2_candidate,blocked_unsafe_known_structure,reject,upstream typed gate already rejected row
cn_factor_direct_event_0095,"CSRank(Mean($open_board_record,3))",direct_event,event_factor,open_board_record,True,phase3aa_event_0083_cn_factor_direct_event_0095,event_derived_feature_layer,True,False,blocked_unsafe_known_structure,ordinary continuous primitive consumed sparse event or discrete state field,open_board_record,Mean,EventCount|EventAge|EventTransition|StateDwell|WindowStateCount,phase3ce1_typed_primitive_gate_v1_20260618,phase3ce1_g2_input_gate_smoke,g2_selector_input_smoke,mature_g2_candidate,blocked_unsafe_known_structure,reject,upstream typed gate already rejected row
cn_factor_direct_event_0096,"CSRank(Mean($open_board_record,5))",direct_event,event_factor,open_board_record,True,phase3aa_event_0084_cn_factor_direct_event_0096,event_derived_feature_layer,True,False,blocked_unsafe_known_structure,ordinary continuous primitive consumed sparse event or discrete state field,open_board_record,Mean,EventCount|EventAge|EventTransition|StateDwell|WindowStateCount,phase3ce1_typed_primitive_gate_v1_20260618,phase3ce1_g2_input_gate_smoke,g2_selector_input_smoke,mature_g2_candidate,blocked_unsafe_known_structure,reject,upstream typed gate already rejected row
cn_factor_direct_event_0097,"CSRank(Mean($limit_up_close_not_open_count_t10,2))",direct_event,event_factor,limit_up_close_not_open_count_t10,True,phase3aa_event_0085_cn_factor_direct_event_0097,event_derived_feature_layer,True,False,blocked_unsafe_known_structure,ordinary continuous primitive consumed sparse event or discrete state field,limit_up_close_not_open_count_t10,Mean,EventCount|EventAge|EventTransition|StateDwell|WindowStateCount,phase3ce1_typed_primitive_gate_v1_20260618,phase3ce1_g2_input_gate_smoke,g2_selector_input_smoke,mature_g2_candidate,blocked_unsafe_known_structure,reject,upstream typed gate already rejected row
cn_factor_direct_event_0098,"CSRank(Mean($limit_up_close_not_open_count_t10,3))",direct_event,event_factor,limit_up_close_not_open_count_t10,True,phase3aa_event_0086_cn_factor_direct_event_0098,event_derived_feature_layer,True,False,blocked_unsafe_known_structure,ordinary continuous primitive consumed sparse event or discrete state field,limit_up_close_not_open_count_t10,Mean,EventCount|EventAge|EventTransition|StateDwell|WindowStateCount,phase3ce1_typed_primitive_gate_v1_20260618,phase3ce1_g2_input_gate_smoke,g2_selector_input_smoke,mature_g2_candidate,blocked_unsafe_known_structure,reject,upstream typed gate already rejected row
cn_factor_direct_event_0099,"CSRank(Mean($limit_up_close_not_open_count_t10,5))",direct_event,event_factor,limit_up_close_not_open_count_t10,True,phase3aa_event_0087_cn_factor_direct_event_0099,event_derived_feature_layer,True,False,blocked_unsafe_known_structure,ordinary continuous primitive consumed sparse event or discrete state field,limit_up_close_not_open_count_t10,Mean,EventCount|EventAge|EventTransition|StateDwell|WindowStateCount,phase3ce1_typed_primitive_gate_v1_20260618,phase3ce1_g2_input_gate_smoke,g2_selector_input_smoke,mature_g2_candidate,blocked_unsafe_known_structure,reject,upstream typed gate already rejected row
cn_factor_direct_event_0100,"CSRank(Mean($limit_up_close_not_open_count_t2,2))",direct_event,event_factor,limit_up_close_not_open_count_t2,True,phase3aa_event_0088_cn_factor_direct_event_0100,event_derived_feature_layer,True,False,blocked_unsafe_known_structure,ordinary continuous primitive consumed sparse event or discrete state field,limit_up_close_not_open_count_t2,Mean,EventCount|EventAge|EventTransition|StateDwell|WindowStateCount,phase3ce1_typed_primitive_gate_v1_20260618,phase3ce1_g2_input_gate_smoke,g2_selector_input_smoke,mature_g2_candidate,blocked_unsafe_known_structure,reject,upstream typed gate already rejected row
cn_factor_direct_event_0101,"CSRank(Mean($limit_up_close_not_open_count_t2,3))",direct_event,event_factor,limit_up_close_not_open_count_t2,True,phase3aa_event_0089_cn_factor_direct_event_0101,event_derived_feature_layer,True,False,blocked_unsafe_known_structure,ordinary continuous primitive consumed sparse event or discrete state field,limit_up_close_not_open_count_t2,Mean,EventCount|EventAge|EventTransition|StateDwell|WindowStateCount,phase3ce1_typed_primitive_gate_v1_20260618,phase3ce1_g2_input_gate_smoke,g2_selector_input_smoke,mature_g2_candidate,blocked_unsafe_known_structure,reject,upstream typed gate already rejected row
cn_factor_direct_event_0102,"CSRank(Mean($limit_up_close_not_open_count_t2,5))",direct_event,event_factor,limit_up_close_not_open_count_t2,True,phase3aa_event_0090_cn_factor_direct_event_0102,event_derived_feature_layer,True,False,blocked_unsafe_known_structure,ordinary continuous primitive consumed sparse event or discrete state field,limit_up_close_not_open_count_t2,Mean,EventCount|EventAge|EventTransition|StateDwell|WindowStateCount,phase3ce1_typed_primitive_gate_v1_20260618,phase3ce1_g2_input_gate_smoke,g2_selector_input_smoke,mature_g2_candidate,blocked_unsafe_known_structure,reject,upstream typed gate already rejected row
cn_factor_direct_event_0103,"CSRank(Mean($limit_up_close_not_open_count_t3,2))",direct_event,event_factor,limit_up_close_not_open_count_t3,True,phase3aa_event_0091_cn_factor_direct_event_0103,event_derived_feature_layer,True,False,blocked_unsafe_known_structure,ordinary continuous primitive consumed sparse event or discrete state field,limit_up_close_not_open_count_t3,Mean,EventCount|EventAge|EventTransition|StateDwell|WindowStateCount,phase3ce1_typed_primitive_gate_v1_20260618,phase3ce1_g2_input_gate_smoke,g2_selector_input_smoke,mature_g2_candidate,blocked_unsafe_known_structure,reject,upstream typed gate already rejected row
cn_factor_direct_event_0104,"CSRank(Mean($limit_up_close_not_open_count_t3,3))",direct_event,event_factor,limit_up_close_not_open_count_t3,True,phase3aa_event_0092_cn_factor_direct_event_0104,event_derived_feature_layer,True,False,blocked_unsafe_known_structure,ordinary continuous primitive consumed sparse event or discrete state field,limit_up_close_not_open_count_t3,Mean,EventCount|EventAge|EventTransition|StateDwell|WindowStateCount,phase3ce1_typed_primitive_gate_v1_20260618,phase3ce1_g2_input_gate_smoke,g2_selector_input_smoke,mature_g2_candidate,blocked_unsafe_known_structure,reject,upstream typed gate already rejected row
cn_factor_direct_event_0105,"CSRank(Mean($limit_up_close_not_open_count_t3,5))",direct_event,event_factor,limit_up_close_not_open_count_t3,True,phase3aa_event_0093_cn_factor_direct_event_0105,event_derived_feature_layer,True,False,blocked_unsafe_known_structure,ordinary continuous primitive consumed sparse event or discrete state field,limit_up_close_not_open_count_t3,Mean,EventCount|EventAge|EventTransition|StateDwell|WindowStateCount,phase3ce1_typed_primitive_gate_v1_20260618,phase3ce1_g2_input_gate_smoke,g2_selector_input_smoke,mature_g2_candidate,blocked_unsafe_known_structure,reject,upstream typed gate already rejected row
cn_factor_direct_event_0106,"CSRank(Mean($limit_up_close_not_open_count_t4,2))",direct_event,event_factor,limit_up_close_not_open_count_t4,True,phase3aa_event_0094_cn_factor_direct_event_0106,event_derived_feature_layer,True,False,blocked_unsafe_known_structure,ordinary continuous primitive consumed sparse event or discrete state field,limit_up_close_not_open_count_t4,Mean,EventCount|EventAge|EventTransition|StateDwell|WindowStateCount,phase3ce1_typed_primitive_gate_v1_20260618,phase3ce1_g2_input_gate_smoke,g2_selector_input_smoke,mature_g2_candidate,blocked_unsafe_known_structure,reject,upstream typed gate already rejected row
cn_factor_direct_event_0107,"CSRank(Mean($limit_up_close_not_open_count_t4,3))",direct_event,event_factor,limit_up_close_not_open_count_t4,True,phase3aa_event_0095_cn_factor_direct_event_0107,event_derived_feature_layer,True,False,blocked_unsafe_known_structure,ordinary continuous primitive consumed sparse event or discrete state field,limit_up_close_not_open_count_t4,Mean,EventCount|EventAge|EventTransition|StateDwell|WindowStateCount,phase3ce1_typed_primitive_gate_v1_20260618,phase3ce1_g2_input_gate_smoke,g2_selector_input_smoke,mature_g2_candidate,blocked_unsafe_known_structure,reject,upstream typed gate already rejected row
cn_factor_direct_event_0108,"CSRank(Mean($limit_up_close_not_open_count_t4,5))",direct_event,event_factor,limit_up_close_not_open_count_t4,True,phase3aa_event_0096_cn_factor_direct_event_0108,event_derived_feature_layer,True,False,blocked_unsafe_known_structure,ordinary continuous primitive consumed sparse event or discrete state field,limit_up_close_not_open_count_t4,Mean,EventCount|EventAge|EventTransition|StateDwell|WindowStateCount,phase3ce1_typed_primitive_gate_v1_20260618,phase3ce1_g2_input_gate_smoke,g2_selector_input_smoke,mature_g2_candidate,blocked_unsafe_known_structure,reject,upstream typed gate already rejected row
cn_factor_direct_event_0109,"CSRank(Mean($limit_up_close_not_open_count_t5,2))",direct_event,event_factor,limit_up_close_not_open_count_t5,True,phase3aa_event_0097_cn_factor_direct_event_0109,event_derived_feature_layer,True,False,blocked_unsafe_known_structure,ordinary continuous primitive consumed sparse event or discrete state field,limit_up_close_not_open_count_t5,Mean,EventCount|EventAge|EventTransition|StateDwell|WindowStateCount,phase3ce1_typed_primitive_gate_v1_20260618,phase3ce1_g2_input_gate_smoke,g2_selector_input_smoke,mature_g2_candidate,blocked_unsafe_known_structure,reject,upstream typed gate already rejected row
cn_factor_direct_event_0110,"CSRank(Mean($limit_up_close_not_open_count_t5,3))",direct_event,event_factor,limit_up_close_not_open_count_t5,True,phase3aa_event_0098_cn_factor_direct_event_0110,event_derived_feature_layer,True,False,blocked_unsafe_known_structure,ordinary continuous primitive consumed sparse event or discrete state field,limit_up_close_not_open_count_t5,Mean,EventCount|EventAge|EventTransition|StateDwell|WindowStateCount,phase3ce1_typed_primitive_gate_v1_20260618,phase3ce1_g2_input_gate_smoke,g2_selector_input_smoke,mature_g2_candidate,blocked_unsafe_known_structure,reject,upstream typed gate already rejected row
cn_factor_direct_event_0111,"CSRank(Mean($limit_up_close_not_open_count_t5,5))",direct_event,event_factor,limit_up_close_not_open_count_t5,True,phase3aa_event_0099_cn_factor_direct_event_0111,event_derived_feature_layer,True,False,blocked_unsafe_known_structure,ordinary continuous primitive consumed sparse event or discrete state field,limit_up_close_not_open_count_t5,Mean,EventCount|EventAge|EventTransition|StateDwell|WindowStateCount,phase3ce1_typed_primitive_gate_v1_20260618,phase3ce1_g2_input_gate_smoke,g2_selector_input_smoke,mature_g2_candidate,blocked_unsafe_known_structure,reject,upstream typed gate already rejected row
cn_factor_direct_event_0112,"CSRank(Mean($limit_up_close_not_open_count_t6,2))",direct_event,event_factor,limit_up_close_not_open_count_t6,True,phase3aa_event_0100_cn_factor_direct_event_0112,event_derived_feature_layer,True,False,blocked_unsafe_known_structure,ordinary continuous primitive consumed sparse event or discrete state field,limit_up_close_not_open_count_t6,Mean,EventCount|EventAge|EventTransition|StateDwell|WindowStateCount,phase3ce1_typed_primitive_gate_v1_20260618,phase3ce1_g2_input_gate_smoke,g2_selector_input_smoke,mature_g2_candidate,blocked_unsafe_known_structure,reject,upstream typed gate already rejected row
cn_factor_direct_event_0113,"CSRank(Mean($limit_up_close_not_open_count_t6,3))",direct_event,event_factor,limit_up_close_not_open_count_t6,True,phase3aa_event_0101_cn_factor_direct_event_0113,event_derived_feature_layer,True,False,blocked_unsafe_known_structure,ordinary continuous primitive consumed sparse event or discrete state field,limit_up_close_not_open_count_t6,Mean,EventCount|EventAge|EventTransition|StateDwell|WindowStateCount,phase3ce1_typed_primitive_gate_v1_20260618,phase3ce1_g2_input_gate_smoke,g2_selector_input_smoke,mature_g2_candidate,blocked_unsafe_known_structure,reject,upstream typed gate already rejected row
cn_factor_direct_event_0114,"CSRank(Mean($limit_up_close_not_open_count_t6,5))",direct_event,event_factor,limit_up_close_not_open_count_t6,True,phase3aa_event_0102_cn_factor_direct_event_0114,event_derived_feature_layer,True,False,blocked_unsafe_known_structure,ordinary continuous primitive consumed sparse event or discrete state field,limit_up_close_not_open_count_t6,Mean,EventCount|EventAge|EventTransition|StateDwell|WindowStateCount,phase3ce1_typed_primitive_gate_v1_20260618,phase3ce1_g2_input_gate_smoke,g2_selector_input_smoke,mature_g2_candidate,blocked_unsafe_known_structure,reject,upstream typed gate already rejected row
cn_factor_direct_event_0115,"CSRank(Mean($limit_up_close_not_open_count_t7,2))",direct_event,event_factor,limit_up_close_not_open_count_t7,True,phase3aa_event_0103_cn_factor_direct_event_0115,event_derived_feature_layer,True,False,blocked_unsafe_known_structure,ordinary continuous primitive consumed sparse event or discrete state field,limit_up_close_not_open_count_t7,Mean,EventCount|EventAge|EventTransition|StateDwell|WindowStateCount,phase3ce1_typed_primitive_gate_v1_20260618,phase3ce1_g2_input_gate_smoke,g2_selector_input_smoke,mature_g2_candidate,blocked_unsafe_known_structure,reject,upstream typed gate already rejected row
cn_factor_direct_event_0116,"CSRank(Mean($limit_up_close_not_open_count_t7,3))",direct_event,event_factor,limit_up_close_not_open_count_t7,True,phase3aa_event_0104_cn_factor_direct_event_0116,event_derived_feature_layer,True,False,blocked_unsafe_known_structure,ordinary continuous primitive consumed sparse event or discrete state field,limit_up_close_not_open_count_t7,Mean,EventCount|EventAge|EventTransition|StateDwell|WindowStateCount,phase3ce1_typed_primitive_gate_v1_20260618,phase3ce1_g2_input_gate_smoke,g2_selector_input_smoke,mature_g2_candidate,blocked_unsafe_known_structure,reject,upstream typed gate already rejected row
cn_factor_direct_event_0117,"CSRank(Mean($limit_up_close_not_open_count_t7,5))",direct_event,event_factor,limit_up_close_not_open_count_t7,True,phase3aa_event_0105_cn_factor_direct_event_0117,event_derived_feature_layer,True,False,blocked_unsafe_known_structure,ordinary continuous primitive consumed sparse event or discrete state field,limit_up_close_not_open_count_t7,Mean,EventCount|EventAge|EventTransition|StateDwell|WindowStateCount,phase3ce1_typed_primitive_gate_v1_20260618,phase3ce1_g2_input_gate_smoke,g2_selector_input_smoke,mature_g2_candidate,blocked_unsafe_known_structure,reject,upstream typed gate already rejected row
cn_factor_direct_event_0118,"CSRank(Mean($limit_up_close_not_open_count_t8,2))",direct_event,event_factor,limit_up_close_not_open_count_t8,True,phase3aa_event_0106_cn_factor_direct_event_0118,event_derived_feature_layer,True,False,blocked_unsafe_known_structure,ordinary continuous primitive consumed sparse event or discrete state field,limit_up_close_not_open_count_t8,Mean,EventCount|EventAge|EventTransition|StateDwell|WindowStateCount,phase3ce1_typed_primitive_gate_v1_20260618,phase3ce1_g2_input_gate_smoke,g2_selector_input_smoke,mature_g2_candidate,blocked_unsafe_known_structure,reject,upstream typed gate already rejected row
cn_factor_direct_event_0119,"CSRank(Mean($limit_up_close_not_open_count_t8,3))",direct_event,event_factor,limit_up_close_not_open_count_t8,True,phase3aa_event_0107_cn_factor_direct_event_0119,event_derived_feature_layer,True,False,blocked_unsafe_known_structure,ordinary continuous primitive consumed sparse event or discrete state field,limit_up_close_not_open_count_t8,Mean,EventCount|EventAge|EventTransition|StateDwell|WindowStateCount,phase3ce1_typed_primitive_gate_v1_20260618,phase3ce1_g2_input_gate_smoke,g2_selector_input_smoke,mature_g2_candidate,blocked_unsafe_known_structure,reject,upstream typed gate already rejected row
cn_factor_direct_event_0120,"CSRank(Mean($limit_up_close_not_open_count_t8,5))",direct_event,event_factor,limit_up_close_not_open_count_t8,True,phase3aa_event_0108_cn_factor_direct_event_0120,event_derived_feature_layer,True,False,blocked_unsafe_known_structure,ordinary continuous primitive consumed sparse event or discrete state field,limit_up_close_not_open_count_t8,Mean,EventCount|EventAge|EventTransition|StateDwell|WindowStateCount,phase3ce1_typed_primitive_gate_v1_20260618,phase3ce1_g2_input_gate_smoke,g2_selector_input_smoke,mature_g2_candidate,blocked_unsafe_known_structure,reject,upstream typed gate already rejected row
cn_factor_direct_event_0121,"CSRank(Mean($limit_up_close_not_open_count_t9,2))",direct_event,event_factor,limit_up_close_not_open_count_t9,True,phase3aa_event_0109_cn_factor_direct_event_0121,event_derived_feature_layer,True,False,blocked_unsafe_known_structure,ordinary continuous primitive consumed sparse event or discrete state field,limit_up_close_not_open_count_t9,Mean,EventCount|EventAge|EventTransition|StateDwell|WindowStateCount,phase3ce1_typed_primitive_gate_v1_20260618,phase3ce1_g2_input_gate_smoke,g2_selector_input_smoke,mature_g2_candidate,blocked_unsafe_known_structure,reject,upstream typed gate already rejected row
cn_factor_direct_event_0122,"CSRank(Mean($limit_up_close_not_open_count_t9,3))",direct_event,event_factor,limit_up_close_not_open_count_t9,True,phase3aa_event_0110_cn_factor_direct_event_0122,event_derived_feature_layer,True,False,blocked_unsafe_known_structure,ordinary continuous primitive consumed sparse event or discrete state field,limit_up_close_not_open_count_t9,Mean,EventCount|EventAge|EventTransition|StateDwell|WindowStateCount,phase3ce1_typed_primitive_gate_v1_20260618,phase3ce1_g2_input_gate_smoke,g2_selector_input_smoke,mature_g2_candidate,blocked_unsafe_known_structure,reject,upstream typed gate already rejected row
cn_factor_direct_event_0123,"CSRank(Mean($limit_up_close_not_open_count_t9,5))",direct_event,event_factor,limit_up_close_not_open_count_t9,True,phase3aa_event_0111_cn_factor_direct_event_0123,event_derived_feature_layer,True,False,blocked_unsafe_known_structure,ordinary continuous primitive consumed sparse event or discrete state field,limit_up_close_not_open_count_t9,Mean,EventCount|EventAge|EventTransition|StateDwell|WindowStateCount,phase3ce1_typed_primitive_gate_v1_20260618,phase3ce1_g2_input_gate_smoke,g2_selector_input_smoke,mature_g2_candidate,blocked_unsafe_known_structure,reject,upstream typed gate already rejected row
cn_factor_direct_event_0124,"CSRank(Mean($limit_up_open_not_close_count_t10,2))",direct_event,event_factor,limit_up_open_not_close_count_t10,True,phase3aa_event_0112_cn_factor_direct_event_0124,event_derived_feature_layer,True,False,blocked_unsafe_known_structure,ordinary continuous primitive consumed sparse event or discrete state field,limit_up_open_not_close_count_t10,Mean,EventCount|EventAge|EventTransition|StateDwell|WindowStateCount,phase3ce1_typed_primitive_gate_v1_20260618,phase3ce1_g2_input_gate_smoke,g2_selector_input_smoke,mature_g2_candidate,blocked_unsafe_known_structure,reject,upstream typed gate already rejected row
cn_factor_direct_event_0125,"CSRank(Mean($limit_up_open_not_close_count_t10,3))",direct_event,event_factor,limit_up_open_not_close_count_t10,True,phase3aa_event_0113_cn_factor_direct_event_0125,event_derived_feature_layer,True,False,blocked_unsafe_known_structure,ordinary continuous primitive consumed sparse event or discrete state field,limit_up_open_not_close_count_t10,Mean,EventCount|EventAge|EventTransition|StateDwell|WindowStateCount,phase3ce1_typed_primitive_gate_v1_20260618,phase3ce1_g2_input_gate_smoke,g2_selector_input_smoke,mature_g2_candidate,blocked_unsafe_known_structure,reject,upstream typed gate already rejected row
cn_factor_direct_event_0126,"CSRank(Mean($limit_up_open_not_close_count_t10,5))",direct_event,event_factor,limit_up_open_not_close_count_t10,True,phase3aa_event_0114_cn_factor_direct_event_0126,event_derived_feature_layer,True,False,blocked_unsafe_known_structure,ordinary continuous primitive consumed sparse event or discrete state field,limit_up_open_not_close_count_t10,Mean,EventCount|EventAge|EventTransition|StateDwell|WindowStateCount,phase3ce1_typed_primitive_gate_v1_20260618,phase3ce1_g2_input_gate_smoke,g2_selector_input_smoke,mature_g2_candidate,blocked_unsafe_known_structure,reject,upstream typed gate already rejected row
cn_factor_direct_event_0127,"CSRank(Mean($limit_up_open_not_close_count_t2,2))",direct_event,event_factor,limit_up_open_not_close_count_t2,True,phase3aa_event_0115_cn_factor_direct_event_0127,event_derived_feature_layer,True,False,blocked_unsafe_known_structure,ordinary continuous primitive consumed sparse event or discrete state field,limit_up_open_not_close_count_t2,Mean,EventCount|EventAge|EventTransition|StateDwell|WindowStateCount,phase3ce1_typed_primitive_gate_v1_20260618,phase3ce1_g2_input_gate_smoke,g2_selector_input_smoke,mature_g2_candidate,blocked_unsafe_known_structure,reject,upstream typed gate already rejected row
cn_factor_direct_event_0128,"CSRank(Mean($limit_up_open_not_close_count_t2,3))",direct_event,event_factor,limit_up_open_not_close_count_t2,True,phase3aa_event_0116_cn_factor_direct_event_0128,event_derived_feature_layer,True,False,blocked_unsafe_known_structure,ordinary continuous primitive consumed sparse event or discrete state field,limit_up_open_not_close_count_t2,Mean,EventCount|EventAge|EventTransition|StateDwell|WindowStateCount,phase3ce1_typed_primitive_gate_v1_20260618,phase3ce1_g2_input_gate_smoke,g2_selector_input_smoke,mature_g2_candidate,blocked_unsafe_known_structure,reject,upstream typed gate already rejected row
cn_factor_direct_event_0129,"CSRank(Mean($limit_up_open_not_close_count_t2,5))",direct_event,event_factor,limit_up_open_not_close_count_t2,True,phase3aa_event_0117_cn_factor_direct_event_0129,event_derived_feature_layer,True,False,blocked_unsafe_known_structure,ordinary continuous primitive consumed sparse event or discrete state field,limit_up_open_not_close_count_t2,Mean,EventCount|EventAge|EventTransition|StateDwell|WindowStateCount,phase3ce1_typed_primitive_gate_v1_20260618,phase3ce1_g2_input_gate_smoke,g2_selector_input_smoke,mature_g2_candidate,blocked_unsafe_known_structure,reject,upstream typed gate already rejected row
cn_factor_direct_event_0130,"CSRank(Mean($limit_up_open_not_close_count_t3,2))",direct_event,event_factor,limit_up_open_not_close_count_t3,True,phase3aa_event_0118_cn_factor_direct_event_0130,event_derived_feature_layer,True,False,blocked_unsafe_known_structure,ordinary continuous primitive consumed sparse event or discrete state field,limit_up_open_not_close_count_t3,Mean,EventCount|EventAge|EventTransition|StateDwell|WindowStateCount,phase3ce1_typed_primitive_gate_v1_20260618,phase3ce1_g2_input_gate_smoke,g2_selector_input_smoke,mature_g2_candidate,blocked_unsafe_known_structure,reject,upstream typed gate already rejected row
cn_factor_direct_event_0131,"CSRank(Mean($limit_up_open_not_close_count_t3,3))",direct_event,event_factor,limit_up_open_not_close_count_t3,True,phase3aa_event_0119_cn_factor_direct_event_0131,event_derived_feature_layer,True,False,blocked_unsafe_known_structure,ordinary continuous primitive consumed sparse event or discrete state field,limit_up_open_not_close_count_t3,Mean,EventCount|EventAge|EventTransition|StateDwell|WindowStateCount,phase3ce1_typed_primitive_gate_v1_20260618,phase3ce1_g2_input_gate_smoke,g2_selector_input_smoke,mature_g2_candidate,blocked_unsafe_known_structure,reject,upstream typed gate already rejected row
cn_factor_direct_event_0132,"CSRank(Mean($limit_up_open_not_close_count_t3,5))",direct_event,event_factor,limit_up_open_not_close_count_t3,True,phase3aa_event_0120_cn_factor_direct_event_0132,event_derived_feature_layer,True,False,blocked_unsafe_known_structure,ordinary continuous primitive consumed sparse event or discrete state field,limit_up_open_not_close_count_t3,Mean,EventCount|EventAge|EventTransition|StateDwell|WindowStateCount,phase3ce1_typed_primitive_gate_v1_20260618,phase3ce1_g2_input_gate_smoke,g2_selector_input_smoke,mature_g2_candidate,blocked_unsafe_known_structure,reject,upstream typed gate already rejected row
cn_factor_direct_event_0133,"CSRank(Mean($limit_up_open_not_close_count_t4,2))",direct_event,event_factor,limit_up_open_not_close_count_t4,True,phase3aa_event_0121_cn_factor_direct_event_0133,event_derived_feature_layer,True,False,blocked_unsafe_known_structure,ordinary continuous primitive consumed sparse event or discrete state field,limit_up_open_not_close_count_t4,Mean,EventCount|EventAge|EventTransition|StateDwell|WindowStateCount,phase3ce1_typed_primitive_gate_v1_20260618,phase3ce1_g2_input_gate_smoke,g2_selector_input_smoke,mature_g2_candidate,blocked_unsafe_known_structure,reject,upstream typed gate already rejected row
cn_factor_direct_event_0134,"CSRank(Mean($limit_up_open_not_close_count_t4,3))",direct_event,event_factor,limit_up_open_not_close_count_t4,True,phase3aa_event_0122_cn_factor_direct_event_0134,event_derived_feature_layer,True,False,blocked_unsafe_known_structure,ordinary continuous primitive consumed sparse event or discrete state field,limit_up_open_not_close_count_t4,Mean,EventCount|EventAge|EventTransition|StateDwell|WindowStateCount,phase3ce1_typed_primitive_gate_v1_20260618,phase3ce1_g2_input_gate_smoke,g2_selector_input_smoke,mature_g2_candidate,blocked_unsafe_known_structure,reject,upstream typed gate already rejected row
cn_factor_direct_event_0135,"CSRank(Mean($limit_up_open_not_close_count_t4,5))",direct_event,event_factor,limit_up_open_not_close_count_t4,True,phase3aa_event_0123_cn_factor_direct_event_0135,event_derived_feature_layer,True,False,blocked_unsafe_known_structure,ordinary continuous primitive consumed sparse event or discrete state field,limit_up_open_not_close_count_t4,Mean,EventCount|EventAge|EventTransition|StateDwell|WindowStateCount,phase3ce1_typed_primitive_gate_v1_20260618,phase3ce1_g2_input_gate_smoke,g2_selector_input_smoke,mature_g2_candidate,blocked_unsafe_known_structure,reject,upstream typed gate already rejected row
cn_factor_direct_event_0136,"CSRank(Mean($limit_up_open_not_close_count_t5,2))",direct_event,event_factor,limit_up_open_not_close_count_t5,True,phase3aa_event_0124_cn_factor_direct_event_0136,event_derived_feature_layer,True,False,blocked_unsafe_known_structure,ordinary continuous primitive consumed sparse event or discrete state field,limit_up_open_not_close_count_t5,Mean,EventCount|EventAge|EventTransition|StateDwell|WindowStateCount,phase3ce1_typed_primitive_gate_v1_20260618,phase3ce1_g2_input_gate_smoke,g2_selector_input_smoke,mature_g2_candidate,blocked_unsafe_known_structure,reject,upstream typed gate already rejected row
cn_factor_direct_event_0137,"CSRank(Mean($limit_up_open_not_close_count_t5,3))",direct_event,event_factor,limit_up_open_not_close_count_t5,True,phase3aa_event_0125_cn_factor_direct_event_0137,event_derived_feature_layer,True,False,blocked_unsafe_known_structure,ordinary continuous primitive consumed sparse event or discrete state field,limit_up_open_not_close_count_t5,Mean,EventCount|EventAge|EventTransition|StateDwell|WindowStateCount,phase3ce1_typed_primitive_gate_v1_20260618,phase3ce1_g2_input_gate_smoke,g2_selector_input_smoke,mature_g2_candidate,blocked_unsafe_known_structure,reject,upstream typed gate already rejected row
cn_factor_direct_event_0138,"CSRank(Mean($limit_up_open_not_close_count_t5,5))",direct_event,event_factor,limit_up_open_not_close_count_t5,True,phase3aa_event_0126_cn_factor_direct_event_0138,event_derived_feature_layer,True,False,blocked_unsafe_known_structure,ordinary continuous primitive consumed sparse event or discrete state field,limit_up_open_not_close_count_t5,Mean,EventCount|EventAge|EventTransition|StateDwell|WindowStateCount,phase3ce1_typed_primitive_gate_v1_20260618,phase3ce1_g2_input_gate_smoke,g2_selector_input_smoke,mature_g2_candidate,blocked_unsafe_known_structure,reject,upstream typed gate already rejected row
cn_factor_direct_event_0139,"CSRank(Mean($limit_up_open_not_close_count_t6,2))",direct_event,event_factor,limit_up_open_not_close_count_t6,True,phase3aa_event_0127_cn_factor_direct_event_0139,event_derived_feature_layer,True,False,blocked_unsafe_known_structure,ordinary continuous primitive consumed sparse event or discrete state field,limit_up_open_not_close_count_t6,Mean,EventCount|EventAge|EventTransition|StateDwell|WindowStateCount,phase3ce1_typed_primitive_gate_v1_20260618,phase3ce1_g2_input_gate_smoke,g2_selector_input_smoke,mature_g2_candidate,blocked_unsafe_known_structure,reject,upstream typed gate already rejected row
cn_factor_direct_event_0140,"CSRank(Mean($limit_up_open_not_close_count_t6,3))",direct_event,event_factor,limit_up_open_not_close_count_t6,True,phase3aa_event_0128_cn_factor_direct_event_0140,event_derived_feature_layer,True,False,blocked_unsafe_known_structure,ordinary continuous primitive consumed sparse event or discrete state field,limit_up_open_not_close_count_t6,Mean,EventCount|EventAge|EventTransition|StateDwell|WindowStateCount,phase3ce1_typed_primitive_gate_v1_20260618,phase3ce1_g2_input_gate_smoke,g2_selector_input_smoke,mature_g2_candidate,blocked_unsafe_known_structure,reject,upstream typed gate already rejected row
cn_factor_direct_event_0141,"CSRank(Mean($limit_up_open_not_close_count_t6,5))",direct_event,event_factor,limit_up_open_not_close_count_t6,True,phase3aa_event_0129_cn_factor_direct_event_0141,event_derived_feature_layer,True,False,blocked_unsafe_known_structure,ordinary continuous primitive consumed sparse event or discrete state field,limit_up_open_not_close_count_t6,Mean,EventCount|EventAge|EventTransition|StateDwell|WindowStateCount,phase3ce1_typed_primitive_gate_v1_20260618,phase3ce1_g2_input_gate_smoke,g2_selector_input_smoke,mature_g2_candidate,blocked_unsafe_known_structure,reject,upstream typed gate already rejected row
cn_factor_direct_event_0142,"CSRank(Mean($limit_up_open_not_close_count_t7,2))",direct_event,event_factor,limit_up_open_not_close_count_t7,True,phase3aa_event_0130_cn_factor_direct_event_0142,event_derived_feature_layer,True,False,blocked_unsafe_known_structure,ordinary continuous primitive consumed sparse event or discrete state field,limit_up_open_not_close_count_t7,Mean,EventCount|EventAge|EventTransition|StateDwell|WindowStateCount,phase3ce1_typed_primitive_gate_v1_20260618,phase3ce1_g2_input_gate_smoke,g2_selector_input_smoke,mature_g2_candidate,blocked_unsafe_known_structure,reject,upstream typed gate already rejected row
cn_factor_direct_event_0143,"CSRank(Mean($limit_up_open_not_close_count_t7,3))",direct_event,event_factor,limit_up_open_not_close_count_t7,True,phase3aa_event_0131_cn_factor_direct_event_0143,event_derived_feature_layer,True,False,blocked_unsafe_known_structure,ordinary continuous primitive consumed sparse event or discrete state field,limit_up_open_not_close_count_t7,Mean,EventCount|EventAge|EventTransition|StateDwell|WindowStateCount,phase3ce1_typed_primitive_gate_v1_20260618,phase3ce1_g2_input_gate_smoke,g2_selector_input_smoke,mature_g2_candidate,blocked_unsafe_known_structure,reject,upstream typed gate already rejected row
cn_factor_direct_event_0144,"CSRank(Mean($limit_up_open_not_close_count_t7,5))",direct_event,event_factor,limit_up_open_not_close_count_t7,True,phase3aa_event_0132_cn_factor_direct_event_0144,event_derived_feature_layer,True,False,blocked_unsafe_known_structure,ordinary continuous primitive consumed sparse event or discrete state field,limit_up_open_not_close_count_t7,Mean,EventCount|EventAge|EventTransition|StateDwell|WindowStateCount,phase3ce1_typed_primitive_gate_v1_20260618,phase3ce1_g2_input_gate_smoke,g2_selector_input_smoke,mature_g2_candidate,blocked_unsafe_known_structure,reject,upstream typed gate already rejected row
cn_factor_direct_event_0145,"CSRank(Mean($limit_up_open_not_close_count_t8,2))",direct_event,event_factor,limit_up_open_not_close_count_t8,True,phase3aa_event_0133_cn_factor_direct_event_0145,event_derived_feature_layer,True,False,blocked_unsafe_known_structure,ordinary continuous primitive consumed sparse event or discrete state field,limit_up_open_not_close_count_t8,Mean,EventCount|EventAge|EventTransition|StateDwell|WindowStateCount,phase3ce1_typed_primitive_gate_v1_20260618,phase3ce1_g2_input_gate_smoke,g2_selector_input_smoke,mature_g2_candidate,blocked_unsafe_known_structure,reject,upstream typed gate already rejected row
cn_factor_direct_event_0146,"CSRank(Mean($limit_up_open_not_close_count_t8,3))",direct_event,event_factor,limit_up_open_not_close_count_t8,True,phase3aa_event_0134_cn_factor_direct_event_0146,event_derived_feature_layer,True,False,blocked_unsafe_known_structure,ordinary continuous primitive consumed sparse event or discrete state field,limit_up_open_not_close_count_t8,Mean,EventCount|EventAge|EventTransition|StateDwell|WindowStateCount,phase3ce1_typed_primitive_gate_v1_20260618,phase3ce1_g2_input_gate_smoke,g2_selector_input_smoke,mature_g2_candidate,blocked_unsafe_known_structure,reject,upstream typed gate already rejected row
cn_factor_direct_event_0147,"CSRank(Mean($limit_up_open_not_close_count_t8,5))",direct_event,event_factor,limit_up_open_not_close_count_t8,True,phase3aa_event_0135_cn_factor_direct_event_0147,event_derived_feature_layer,True,False,blocked_unsafe_known_structure,ordinary continuous primitive consumed sparse event or discrete state field,limit_up_open_not_close_count_t8,Mean,EventCount|EventAge|EventTransition|StateDwell|WindowStateCount,phase3ce1_typed_primitive_gate_v1_20260618,phase3ce1_g2_input_gate_smoke,g2_selector_input_smoke,mature_g2_candidate,blocked_unsafe_known_structure,reject,upstream typed gate already rejected row
cn_factor_direct_event_0148,"CSRank(Mean($limit_up_open_not_close_count_t9,2))",direct_event,event_factor,limit_up_open_not_close_count_t9,True,phase3aa_event_0136_cn_factor_direct_event_0148,event_derived_feature_layer,True,False,blocked_unsafe_known_structure,ordinary continuous primitive consumed sparse event or discrete state field,limit_up_open_not_close_count_t9,Mean,EventCount|EventAge|EventTransition|StateDwell|WindowStateCount,phase3ce1_typed_primitive_gate_v1_20260618,phase3ce1_g2_input_gate_smoke,g2_selector_input_smoke,mature_g2_candidate,blocked_unsafe_known_structure,reject,upstream typed gate already rejected row
cn_factor_direct_event_0149,"CSRank(Mean($limit_up_open_not_close_count_t9,3))",direct_event,event_factor,limit_up_open_not_close_count_t9,True,phase3aa_event_0137_cn_factor_direct_event_0149,event_derived_feature_layer,True,False,blocked_unsafe_known_structure,ordinary continuous primitive consumed sparse event or discrete state field,limit_up_open_not_close_count_t9,Mean,EventCount|EventAge|EventTransition|StateDwell|WindowStateCount,phase3ce1_typed_primitive_gate_v1_20260618,phase3ce1_g2_input_gate_smoke,g2_selector_input_smoke,mature_g2_candidate,blocked_unsafe_known_structure,reject,upstream typed gate already rejected row
cn_factor_direct_event_0150,"CSRank(Mean($limit_up_open_not_close_count_t9,5))",direct_event,event_factor,limit_up_open_not_close_count_t9,True,phase3aa_event_0138_cn_factor_direct_event_0150,event_derived_feature_layer,True,False,blocked_unsafe_known_structure,ordinary continuous primitive consumed sparse event or discrete state field,limit_up_open_not_close_count_t9,Mean,EventCount|EventAge|EventTransition|StateDwell|WindowStateCount,phase3ce1_typed_primitive_gate_v1_20260618,phase3ce1_g2_input_gate_smoke,g2_selector_input_smoke,mature_g2_candidate,blocked_unsafe_known_structure,reject,upstream typed gate already rejected row
cn_factor_direct_event_0151,"CSRank(Mean($limit_up_touch_not_close_count_t10,2))",direct_event,event_factor,limit_up_touch_not_close_count_t10,True,phase3aa_event_0139_cn_factor_direct_event_0151,event_derived_feature_layer,True,False,blocked_unsafe_known_structure,ordinary continuous primitive consumed sparse event or discrete state field,limit_up_touch_not_close_count_t10,Mean,EventCount|EventAge|EventTransition|StateDwell|WindowStateCount,phase3ce1_typed_primitive_gate_v1_20260618,phase3ce1_g2_input_gate_smoke,g2_selector_input_smoke,mature_g2_candidate,blocked_unsafe_known_structure,reject,upstream typed gate already rejected row
cn_factor_direct_event_0152,"CSRank(Mean($limit_up_touch_not_close_count_t10,3))",direct_event,event_factor,limit_up_touch_not_close_count_t10,True,phase3aa_event_0140_cn_factor_direct_event_0152,event_derived_feature_layer,True,False,blocked_unsafe_known_structure,ordinary continuous primitive consumed sparse event or discrete state field,limit_up_touch_not_close_count_t10,Mean,EventCount|EventAge|EventTransition|StateDwell|WindowStateCount,phase3ce1_typed_primitive_gate_v1_20260618,phase3ce1_g2_input_gate_smoke,g2_selector_input_smoke,mature_g2_candidate,blocked_unsafe_known_structure,reject,upstream typed gate already rejected row
cn_factor_direct_event_0153,"CSRank(Mean($limit_up_touch_not_close_count_t10,5))",direct_event,event_factor,limit_up_touch_not_close_count_t10,True,phase3aa_event_0141_cn_factor_direct_event_0153,event_derived_feature_layer,True,False,blocked_unsafe_known_structure,ordinary continuous primitive consumed sparse event or discrete state field,limit_up_touch_not_close_count_t10,Mean,EventCount|EventAge|EventTransition|StateDwell|WindowStateCount,phase3ce1_typed_primitive_gate_v1_20260618,phase3ce1_g2_input_gate_smoke,g2_selector_input_smoke,mature_g2_candidate,blocked_unsafe_known_structure,reject,upstream typed gate already rejected row
cn_factor_direct_event_0154,"CSRank(Mean($limit_up_touch_not_close_count_t2,2))",direct_event,event_factor,limit_up_touch_not_close_count_t2,True,phase3aa_event_0142_cn_factor_direct_event_0154,event_derived_feature_layer,True,False,blocked_unsafe_known_structure,ordinary continuous primitive consumed sparse event or discrete state field,limit_up_touch_not_close_count_t2,Mean,EventCount|EventAge|EventTransition|StateDwell|WindowStateCount,phase3ce1_typed_primitive_gate_v1_20260618,phase3ce1_g2_input_gate_smoke,g2_selector_input_smoke,mature_g2_candidate,blocked_unsafe_known_structure,reject,upstream typed gate already rejected row
cn_factor_direct_event_0155,"CSRank(Mean($limit_up_touch_not_close_count_t2,3))",direct_event,event_factor,limit_up_touch_not_close_count_t2,True,phase3aa_event_0143_cn_factor_direct_event_0155,event_derived_feature_layer,True,False,blocked_unsafe_known_structure,ordinary continuous primitive consumed sparse event or discrete state field,limit_up_touch_not_close_count_t2,Mean,EventCount|EventAge|EventTransition|StateDwell|WindowStateCount,phase3ce1_typed_primitive_gate_v1_20260618,phase3ce1_g2_input_gate_smoke,g2_selector_input_smoke,mature_g2_candidate,blocked_unsafe_known_structure,reject,upstream typed gate already rejected row
cn_factor_direct_event_0156,"CSRank(Mean($limit_up_touch_not_close_count_t2,5))",direct_event,event_factor,limit_up_touch_not_close_count_t2,True,phase3aa_event_0144_cn_factor_direct_event_0156,event_derived_feature_layer,True,False,blocked_unsafe_known_structure,ordinary continuous primitive consumed sparse event or discrete state field,limit_up_touch_not_close_count_t2,Mean,EventCount|EventAge|EventTransition|StateDwell|WindowStateCount,phase3ce1_typed_primitive_gate_v1_20260618,phase3ce1_g2_input_gate_smoke,g2_selector_input_smoke,mature_g2_candidate,blocked_unsafe_known_structure,reject,upstream typed gate already rejected row
cn_factor_direct_event_0157,"CSRank(Mean($limit_up_touch_not_close_count_t3,2))",direct_event,event_factor,limit_up_touch_not_close_count_t3,True,phase3aa_event_0145_cn_factor_direct_event_0157,event_derived_feature_layer,True,False,blocked_unsafe_known_structure,ordinary continuous primitive consumed sparse event or discrete state field,limit_up_touch_not_close_count_t3,Mean,EventCount|EventAge|EventTransition|StateDwell|WindowStateCount,phase3ce1_typed_primitive_gate_v1_20260618,phase3ce1_g2_input_gate_smoke,g2_selector_input_smoke,mature_g2_candidate,blocked_unsafe_known_structure,reject,upstream typed gate already rejected row
cn_factor_direct_event_0158,"CSRank(Mean($limit_up_touch_not_close_count_t3,3))",direct_event,event_factor,limit_up_touch_not_close_count_t3,True,phase3aa_event_0146_cn_factor_direct_event_0158,event_derived_feature_layer,True,False,blocked_unsafe_known_structure,ordinary continuous primitive consumed sparse event or discrete state field,limit_up_touch_not_close_count_t3,Mean,EventCount|EventAge|EventTransition|StateDwell|WindowStateCount,phase3ce1_typed_primitive_gate_v1_20260618,phase3ce1_g2_input_gate_smoke,g2_selector_input_smoke,mature_g2_candidate,blocked_unsafe_known_structure,reject,upstream typed gate already rejected row
cn_factor_direct_event_0159,"CSRank(Mean($limit_up_touch_not_close_count_t3,5))",direct_event,event_factor,limit_up_touch_not_close_count_t3,True,phase3aa_event_0147_cn_factor_direct_event_0159,event_derived_feature_layer,True,False,blocked_unsafe_known_structure,ordinary continuous primitive consumed sparse event or discrete state field,limit_up_touch_not_close_count_t3,Mean,EventCount|EventAge|EventTransition|StateDwell|WindowStateCount,phase3ce1_typed_primitive_gate_v1_20260618,phase3ce1_g2_input_gate_smoke,g2_selector_input_smoke,mature_g2_candidate,blocked_unsafe_known_structure,reject,upstream typed gate already rejected row
cn_factor_direct_event_0160,"CSRank(Mean($limit_up_touch_not_close_count_t4,2))",direct_event,event_factor,limit_up_touch_not_close_count_t4,True,phase3aa_event_0148_cn_factor_direct_event_0160,event_derived_feature_layer,True,False,blocked_unsafe_known_structure,ordinary continuous primitive consumed sparse event or discrete state field,limit_up_touch_not_close_count_t4,Mean,EventCount|EventAge|EventTransition|StateDwell|WindowStateCount,phase3ce1_typed_primitive_gate_v1_20260618,phase3ce1_g2_input_gate_smoke,g2_selector_input_smoke,mature_g2_candidate,blocked_unsafe_known_structure,reject,upstream typed gate already rejected row
cn_factor_direct_event_0161,"CSRank(Mean($limit_up_touch_not_close_count_t4,3))",direct_event,event_factor,limit_up_touch_not_close_count_t4,True,phase3aa_event_0149_cn_factor_direct_event_0161,event_derived_feature_layer,True,False,blocked_unsafe_known_structure,ordinary continuous primitive consumed sparse event or discrete state field,limit_up_touch_not_close_count_t4,Mean,EventCount|EventAge|EventTransition|StateDwell|WindowStateCount,phase3ce1_typed_primitive_gate_v1_20260618,phase3ce1_g2_input_gate_smoke,g2_selector_input_smoke,mature_g2_candidate,blocked_unsafe_known_structure,reject,upstream typed gate already rejected row
cn_factor_direct_event_0162,"CSRank(Mean($limit_up_touch_not_close_count_t4,5))",direct_event,event_factor,limit_up_touch_not_close_count_t4,True,phase3aa_event_0150_cn_factor_direct_event_0162,event_derived_feature_layer,True,False,blocked_unsafe_known_structure,ordinary continuous primitive consumed sparse event or discrete state field,limit_up_touch_not_close_count_t4,Mean,EventCount|EventAge|EventTransition|StateDwell|WindowStateCount,phase3ce1_typed_primitive_gate_v1_20260618,phase3ce1_g2_input_gate_smoke,g2_selector_input_smoke,mature_g2_candidate,blocked_unsafe_known_structure,reject,upstream typed gate already rejected row
cn_factor_direct_event_0163,"CSRank(Mean($limit_up_touch_not_close_count_t5,2))",direct_event,event_factor,limit_up_touch_not_close_count_t5,True,phase3aa_event_0151_cn_factor_direct_event_0163,event_derived_feature_layer,True,False,blocked_unsafe_known_structure,ordinary continuous primitive consumed sparse event or discrete state field,limit_up_touch_not_close_count_t5,Mean,EventCount|EventAge|EventTransition|StateDwell|WindowStateCount,phase3ce1_typed_primitive_gate_v1_20260618,phase3ce1_g2_input_gate_smoke,g2_selector_input_smoke,mature_g2_candidate,blocked_unsafe_known_structure,reject,upstream typed gate already rejected row
cn_factor_direct_event_0164,"CSRank(Mean($limit_up_touch_not_close_count_t5,3))",direct_event,event_factor,limit_up_touch_not_close_count_t5,True,phase3aa_event_0152_cn_factor_direct_event_0164,event_derived_feature_layer,True,False,blocked_unsafe_known_structure,ordinary continuous primitive consumed sparse event or discrete state field,limit_up_touch_not_close_count_t5,Mean,EventCount|EventAge|EventTransition|StateDwell|WindowStateCount,phase3ce1_typed_primitive_gate_v1_20260618,phase3ce1_g2_input_gate_smoke,g2_selector_input_smoke,mature_g2_candidate,blocked_unsafe_known_structure,reject,upstream typed gate already rejected row
cn_factor_direct_event_0165,"CSRank(Mean($limit_up_touch_not_close_count_t5,5))",direct_event,event_factor,limit_up_touch_not_close_count_t5,True,phase3aa_event_0153_cn_factor_direct_event_0165,event_derived_feature_layer,True,False,blocked_unsafe_known_structure,ordinary continuous primitive consumed sparse event or discrete state field,limit_up_touch_not_close_count_t5,Mean,EventCount|EventAge|EventTransition|StateDwell|WindowStateCount,phase3ce1_typed_primitive_gate_v1_20260618,phase3ce1_g2_input_gate_smoke,g2_selector_input_smoke,mature_g2_candidate,blocked_unsafe_known_structure,reject,upstream typed gate already rejected row
cn_factor_direct_event_0166,"CSRank(Mean($limit_up_touch_not_close_count_t6,2))",direct_event,event_factor,limit_up_touch_not_close_count_t6,True,phase3aa_event_0154_cn_factor_direct_event_0166,event_derived_feature_layer,True,False,blocked_unsafe_known_structure,ordinary continuous primitive consumed sparse event or discrete state field,limit_up_touch_not_close_count_t6,Mean,EventCount|EventAge|EventTransition|StateDwell|WindowStateCount,phase3ce1_typed_primitive_gate_v1_20260618,phase3ce1_g2_input_gate_smoke,g2_selector_input_smoke,mature_g2_candidate,blocked_unsafe_known_structure,reject,upstream typed gate already rejected row
cn_factor_direct_event_0167,"CSRank(Mean($limit_up_touch_not_close_count_t6,3))",direct_event,event_factor,limit_up_touch_not_close_count_t6,True,phase3aa_event_0155_cn_factor_direct_event_0167,event_derived_feature_layer,True,False,blocked_unsafe_known_structure,ordinary continuous primitive consumed sparse event or discrete state field,limit_up_touch_not_close_count_t6,Mean,EventCount|EventAge|EventTransition|StateDwell|WindowStateCount,phase3ce1_typed_primitive_gate_v1_20260618,phase3ce1_g2_input_gate_smoke,g2_selector_input_smoke,mature_g2_candidate,blocked_unsafe_known_structure,reject,upstream typed gate already rejected row
cn_factor_direct_event_0168,"CSRank(Mean($limit_up_touch_not_close_count_t6,5))",direct_event,event_factor,limit_up_touch_not_close_count_t6,True,phase3aa_event_0156_cn_factor_direct_event_0168,event_derived_feature_layer,True,False,blocked_unsafe_known_structure,ordinary continuous primitive consumed sparse event or discrete state field,limit_up_touch_not_close_count_t6,Mean,EventCount|EventAge|EventTransition|StateDwell|WindowStateCount,phase3ce1_typed_primitive_gate_v1_20260618,phase3ce1_g2_input_gate_smoke,g2_selector_input_smoke,mature_g2_candidate,blocked_unsafe_known_structure,reject,upstream typed gate already rejected row
cn_factor_direct_event_0169,"CSRank(Mean($limit_up_touch_not_close_count_t7,2))",direct_event,event_factor,limit_up_touch_not_close_count_t7,True,phase3aa_event_0157_cn_factor_direct_event_0169,event_derived_feature_layer,True,False,blocked_unsafe_known_structure,ordinary continuous primitive consumed sparse event or discrete state field,limit_up_touch_not_close_count_t7,Mean,EventCount|EventAge|EventTransition|StateDwell|WindowStateCount,phase3ce1_typed_primitive_gate_v1_20260618,phase3ce1_g2_input_gate_smoke,g2_selector_input_smoke,mature_g2_candidate,blocked_unsafe_known_structure,reject,upstream typed gate already rejected row
cn_factor_direct_event_0170,"CSRank(Mean($limit_up_touch_not_close_count_t7,3))",direct_event,event_factor,limit_up_touch_not_close_count_t7,True,phase3aa_event_0158_cn_factor_direct_event_0170,event_derived_feature_layer,True,False,blocked_unsafe_known_structure,ordinary continuous primitive consumed sparse event or discrete state field,limit_up_touch_not_close_count_t7,Mean,EventCount|EventAge|EventTransition|StateDwell|WindowStateCount,phase3ce1_typed_primitive_gate_v1_20260618,phase3ce1_g2_input_gate_smoke,g2_selector_input_smoke,mature_g2_candidate,blocked_unsafe_known_structure,reject,upstream typed gate already rejected row
cn_factor_direct_event_0171,"CSRank(Mean($limit_up_touch_not_close_count_t7,5))",direct_event,event_factor,limit_up_touch_not_close_count_t7,True,phase3aa_event_0159_cn_factor_direct_event_0171,event_derived_feature_layer,True,False,blocked_unsafe_known_structure,ordinary continuous primitive consumed sparse event or discrete state field,limit_up_touch_not_close_count_t7,Mean,EventCount|EventAge|EventTransition|StateDwell|WindowStateCount,phase3ce1_typed_primitive_gate_v1_20260618,phase3ce1_g2_input_gate_smoke,g2_selector_input_smoke,mature_g2_candidate,blocked_unsafe_known_structure,reject,upstream typed gate already rejected row
cn_factor_direct_event_0172,"CSRank(Mean($limit_up_touch_not_close_count_t8,2))",direct_event,event_factor,limit_up_touch_not_close_count_t8,True,phase3aa_event_0160_cn_factor_direct_event_0172,event_derived_feature_layer,True,False,blocked_unsafe_known_structure,ordinary continuous primitive consumed sparse event or discrete state field,limit_up_touch_not_close_count_t8,Mean,EventCount|EventAge|EventTransition|StateDwell|WindowStateCount,phase3ce1_typed_primitive_gate_v1_20260618,phase3ce1_g2_input_gate_smoke,g2_selector_input_smoke,mature_g2_candidate,blocked_unsafe_known_structure,reject,upstream typed gate already rejected row
cn_factor_direct_event_0173,"CSRank(Mean($limit_up_touch_not_close_count_t8,3))",direct_event,event_factor,limit_up_touch_not_close_count_t8,True,phase3aa_event_0161_cn_factor_direct_event_0173,event_derived_feature_layer,True,False,blocked_unsafe_known_structure,ordinary continuous primitive consumed sparse event or discrete state field,limit_up_touch_not_close_count_t8,Mean,EventCount|EventAge|EventTransition|StateDwell|WindowStateCount,phase3ce1_typed_primitive_gate_v1_20260618,phase3ce1_g2_input_gate_smoke,g2_selector_input_smoke,mature_g2_candidate,blocked_unsafe_known_structure,reject,upstream typed gate already rejected row
cn_factor_direct_event_0174,"CSRank(Mean($limit_up_touch_not_close_count_t8,5))",direct_event,event_factor,limit_up_touch_not_close_count_t8,True,phase3aa_event_0162_cn_factor_direct_event_0174,event_derived_feature_layer,True,False,blocked_unsafe_known_structure,ordinary continuous primitive consumed sparse event or discrete state field,limit_up_touch_not_close_count_t8,Mean,EventCount|EventAge|EventTransition|StateDwell|WindowStateCount,phase3ce1_typed_primitive_gate_v1_20260618,phase3ce1_g2_input_gate_smoke,g2_selector_input_smoke,mature_g2_candidate,blocked_unsafe_known_structure,reject,upstream typed gate already rejected row
cn_factor_direct_event_0175,"CSRank(Mean($limit_up_touch_not_close_count_t9,2))",direct_event,event_factor,limit_up_touch_not_close_count_t9,True,phase3aa_event_0163_cn_factor_direct_event_0175,event_derived_feature_layer,True,False,blocked_unsafe_known_structure,ordinary continuous primitive consumed sparse event or discrete state field,limit_up_touch_not_close_count_t9,Mean,EventCount|EventAge|EventTransition|StateDwell|WindowStateCount,phase3ce1_typed_primitive_gate_v1_20260618,phase3ce1_g2_input_gate_smoke,g2_selector_input_smoke,mature_g2_candidate,blocked_unsafe_known_structure,reject,upstream typed gate already rejected row
cn_factor_direct_event_0176,"CSRank(Mean($limit_up_touch_not_close_count_t9,3))",direct_event,event_factor,limit_up_touch_not_close_count_t9,True,phase3aa_event_0164_cn_factor_direct_event_0176,event_derived_feature_layer,True,False,blocked_unsafe_known_structure,ordinary continuous primitive consumed sparse event or discrete state field,limit_up_touch_not_close_count_t9,Mean,EventCount|EventAge|EventTransition|StateDwell|WindowStateCount,phase3ce1_typed_primitive_gate_v1_20260618,phase3ce1_g2_input_gate_smoke,g2_selector_input_smoke,mature_g2_candidate,blocked_unsafe_known_structure,reject,upstream typed gate already rejected row
cn_factor_direct_event_0177,"CSRank(Mean($limit_up_touch_not_close_count_t9,5))",direct_event,event_factor,limit_up_touch_not_close_count_t9,True,phase3aa_event_0165_cn_factor_direct_event_0177,event_derived_feature_layer,True,False,blocked_unsafe_known_structure,ordinary continuous primitive consumed sparse event or discrete state field,limit_up_touch_not_close_count_t9,Mean,EventCount|EventAge|EventTransition|StateDwell|WindowStateCount,phase3ce1_typed_primitive_gate_v1_20260618,phase3ce1_g2_input_gate_smoke,g2_selector_input_smoke,mature_g2_candidate,blocked_unsafe_known_structure,reject,upstream typed gate already rejected row
cn_factor_direct_event_0178,"CSRank(Mean($break_board_after_streak_ge_1,2))",direct_event,event_factor,break_board_after_streak_ge_1,True,phase3aa_event_0166_cn_factor_direct_event_0178,event_derived_feature_layer,True,False,blocked_unsafe_known_structure,ordinary continuous primitive consumed sparse event or discrete state field,break_board_after_streak_ge_1,Mean,EventCount|EventAge|EventTransition|StateDwell|WindowStateCount,phase3ce1_typed_primitive_gate_v1_20260618,phase3ce1_g2_input_gate_smoke,g2_selector_input_smoke,mature_g2_candidate,blocked_unsafe_known_structure,reject,upstream typed gate already rejected row
cn_factor_direct_event_0179,"CSRank(Mean($break_board_after_streak_ge_1,3))",direct_event,event_factor,break_board_after_streak_ge_1,True,phase3aa_event_0167_cn_factor_direct_event_0179,event_derived_feature_layer,True,False,blocked_unsafe_known_structure,ordinary continuous primitive consumed sparse event or discrete state field,break_board_after_streak_ge_1,Mean,EventCount|EventAge|EventTransition|StateDwell|WindowStateCount,phase3ce1_typed_primitive_gate_v1_20260618,phase3ce1_g2_input_gate_smoke,g2_selector_input_smoke,mature_g2_candidate,blocked_unsafe_known_structure,reject,upstream typed gate already rejected row
cn_factor_direct_event_0180,"CSRank(Mean($break_board_after_streak_ge_1,5))",direct_event,event_factor,break_board_after_streak_ge_1,True,phase3aa_event_0168_cn_factor_direct_event_0180,event_derived_feature_layer,True,False,blocked_unsafe_known_structure,ordinary continuous primitive consumed sparse event or discrete state field,break_board_after_streak_ge_1,Mean,EventCount|EventAge|EventTransition|StateDwell|WindowStateCount,phase3ce1_typed_primitive_gate_v1_20260618,phase3ce1_g2_input_gate_smoke,g2_selector_input_smoke,mature_g2_candidate,blocked_unsafe_known_structure,reject,upstream typed gate already rejected row
cn_factor_direct_event_0181,"CSRank(Mean($break_board_after_streak_ge_10,2))",direct_event,event_factor,break_board_after_streak_ge_10,True,phase3aa_event_0169_cn_factor_direct_event_0181,event_derived_feature_layer,True,False,blocked_unsafe_known_structure,ordinary continuous primitive consumed sparse event or discrete state field,break_board_after_streak_ge_10,Mean,EventCount|EventAge|EventTransition|StateDwell|WindowStateCount,phase3ce1_typed_primitive_gate_v1_20260618,phase3ce1_g2_input_gate_smoke,g2_selector_input_smoke,mature_g2_candidate,blocked_unsafe_known_structure,reject,upstream typed gate already rejected row
cn_factor_direct_event_0182,"CSRank(Mean($break_board_after_streak_ge_10,3))",direct_event,event_factor,break_board_after_streak_ge_10,True,phase3aa_event_0170_cn_factor_direct_event_0182,event_derived_feature_layer,True,False,blocked_unsafe_known_structure,ordinary continuous primitive consumed sparse event or discrete state field,break_board_after_streak_ge_10,Mean,EventCount|EventAge|EventTransition|StateDwell|WindowStateCount,phase3ce1_typed_primitive_gate_v1_20260618,phase3ce1_g2_input_gate_smoke,g2_selector_input_smoke,mature_g2_candidate,blocked_unsafe_known_structure,reject,upstream typed gate already rejected row
cn_factor_direct_event_0183,"CSRank(Mean($break_board_after_streak_ge_10,5))",direct_event,event_factor,break_board_after_streak_ge_10,True,phase3aa_event_0171_cn_factor_direct_event_0183,event_derived_feature_layer,True,False,blocked_unsafe_known_structure,ordinary continuous primitive consumed sparse event or discrete state field,break_board_after_streak_ge_10,Mean,EventCount|EventAge|EventTransition|StateDwell|WindowStateCount,phase3ce1_typed_primitive_gate_v1_20260618,phase3ce1_g2_input_gate_smoke,g2_selector_input_smoke,mature_g2_candidate,blocked_unsafe_known_structure,reject,upstream typed gate already rejected row
cn_factor_direct_event_0184,"CSRank(Mean($break_board_after_streak_ge_2,2))",direct_event,event_factor,break_board_after_streak_ge_2,True,phase3aa_event_0172_cn_factor_direct_event_0184,event_derived_feature_layer,True,False,blocked_unsafe_known_structure,ordinary continuous primitive consumed sparse event or discrete state field,break_board_after_streak_ge_2,Mean,EventCount|EventAge|EventTransition|StateDwell|WindowStateCount,phase3ce1_typed_primitive_gate_v1_20260618,phase3ce1_g2_input_gate_smoke,g2_selector_input_smoke,mature_g2_candidate,blocked_unsafe_known_structure,reject,upstream typed gate already rejected row
cn_factor_direct_event_0185,"CSRank(Mean($break_board_after_streak_ge_2,3))",direct_event,event_factor,break_board_after_streak_ge_2,True,phase3aa_event_0173_cn_factor_direct_event_0185,event_derived_feature_layer,True,False,blocked_unsafe_known_structure,ordinary continuous primitive consumed sparse event or discrete state field,break_board_after_streak_ge_2,Mean,EventCount|EventAge|EventTransition|StateDwell|WindowStateCount,phase3ce1_typed_primitive_gate_v1_20260618,phase3ce1_g2_input_gate_smoke,g2_selector_input_smoke,mature_g2_candidate,blocked_unsafe_known_structure,reject,upstream typed gate already rejected row
cn_factor_direct_event_0186,"CSRank(Mean($break_board_after_streak_ge_2,5))",direct_event,event_factor,break_board_after_streak_ge_2,True,phase3aa_event_0174_cn_factor_direct_event_0186,event_derived_feature_layer,True,False,blocked_unsafe_known_structure,ordinary continuous primitive consumed sparse event or discrete state field,break_board_after_streak_ge_2,Mean,EventCount|EventAge|EventTransition|StateDwell|WindowStateCount,phase3ce1_typed_primitive_gate_v1_20260618,phase3ce1_g2_input_gate_smoke,g2_selector_input_smoke,mature_g2_candidate,blocked_unsafe_known_structure,reject,upstream typed gate already rejected row
cn_factor_direct_event_0187,"CSRank(Mean($break_board_after_streak_ge_3,2))",direct_event,event_factor,break_board_after_streak_ge_3,True,phase3aa_event_0175_cn_factor_direct_event_0187,event_derived_feature_layer,True,False,blocked_unsafe_known_structure,ordinary continuous primitive consumed sparse event or discrete state field,break_board_after_streak_ge_3,Mean,EventCount|EventAge|EventTransition|StateDwell|WindowStateCount,phase3ce1_typed_primitive_gate_v1_20260618,phase3ce1_g2_input_gate_smoke,g2_selector_input_smoke,mature_g2_candidate,blocked_unsafe_known_structure,reject,upstream typed gate already rejected row
cn_factor_direct_event_0188,"CSRank(Mean($break_board_after_streak_ge_3,3))",direct_event,event_factor,break_board_after_streak_ge_3,True,phase3aa_event_0176_cn_factor_direct_event_0188,event_derived_feature_layer,True,False,blocked_unsafe_known_structure,ordinary continuous primitive consumed sparse event or discrete state field,break_board_after_streak_ge_3,Mean,EventCount|EventAge|EventTransition|StateDwell|WindowStateCount,phase3ce1_typed_primitive_gate_v1_20260618,phase3ce1_g2_input_gate_smoke,g2_selector_input_smoke,mature_g2_candidate,blocked_unsafe_known_structure,reject,upstream typed gate already rejected row
cn_factor_direct_event_0189,"CSRank(Mean($break_board_after_streak_ge_3,5))",direct_event,event_factor,break_board_after_streak_ge_3,True,phase3aa_event_0177_cn_factor_direct_event_0189,event_derived_feature_layer,True,False,blocked_unsafe_known_structure,ordinary continuous primitive consumed sparse event or discrete state field,break_board_after_streak_ge_3,Mean,EventCount|EventAge|EventTransition|StateDwell|WindowStateCount,phase3ce1_typed_primitive_gate_v1_20260618,phase3ce1_g2_input_gate_smoke,g2_selector_input_smoke,mature_g2_candidate,blocked_unsafe_known_structure,reject,upstream typed gate already rejected row
cn_factor_direct_event_0190,"CSRank(Mean($break_board_after_streak_ge_4,2))",direct_event,event_factor,break_board_after_streak_ge_4,True,phase3aa_event_0178_cn_factor_direct_event_0190,event_derived_feature_layer,True,False,blocked_unsafe_known_structure,ordinary continuous primitive consumed sparse event or discrete state field,break_board_after_streak_ge_4,Mean,EventCount|EventAge|EventTransition|StateDwell|WindowStateCount,phase3ce1_typed_primitive_gate_v1_20260618,phase3ce1_g2_input_gate_smoke,g2_selector_input_smoke,mature_g2_candidate,blocked_unsafe_known_structure,reject,upstream typed gate already rejected row
cn_factor_direct_event_0191,"CSRank(Mean($break_board_after_streak_ge_4,3))",direct_event,event_factor,break_board_after_streak_ge_4,True,phase3aa_event_0179_cn_factor_direct_event_0191,event_derived_feature_layer,True,False,blocked_unsafe_known_structure,ordinary continuous primitive consumed sparse event or discrete state field,break_board_after_streak_ge_4,Mean,EventCount|EventAge|EventTransition|StateDwell|WindowStateCount,phase3ce1_typed_primitive_gate_v1_20260618,phase3ce1_g2_input_gate_smoke,g2_selector_input_smoke,mature_g2_candidate,blocked_unsafe_known_structure,reject,upstream typed gate already rejected row
cn_factor_direct_event_0192,"CSRank(Mean($break_board_after_streak_ge_4,5))",direct_event,event_factor,break_board_after_streak_ge_4,True,phase3aa_event_0180_cn_factor_direct_event_0192,event_derived_feature_layer,True,False,blocked_unsafe_known_structure,ordinary continuous primitive consumed sparse event or discrete state field,break_board_after_streak_ge_4,Mean,EventCount|EventAge|EventTransition|StateDwell|WindowStateCount,phase3ce1_typed_primitive_gate_v1_20260618,phase3ce1_g2_input_gate_smoke,g2_selector_input_smoke,mature_g2_candidate,blocked_unsafe_known_structure,reject,upstream typed gate already rejected row
cn_factor_direct_event_0193,"CSRank(Mean($break_board_after_streak_ge_5,2))",direct_event,event_factor,break_board_after_streak_ge_5,True,phase3aa_event_0181_cn_factor_direct_event_0193,event_derived_feature_layer,True,False,blocked_unsafe_known_structure,ordinary continuous primitive consumed sparse event or discrete state field,break_board_after_streak_ge_5,Mean,EventCount|EventAge|EventTransition|StateDwell|WindowStateCount,phase3ce1_typed_primitive_gate_v1_20260618,phase3ce1_g2_input_gate_smoke,g2_selector_input_smoke,mature_g2_candidate,blocked_unsafe_known_structure,reject,upstream typed gate already rejected row
cn_factor_direct_event_0194,"CSRank(Mean($break_board_after_streak_ge_5,3))",direct_event,event_factor,break_board_after_streak_ge_5,True,phase3aa_event_0182_cn_factor_direct_event_0194,event_derived_feature_layer,True,False,blocked_unsafe_known_structure,ordinary continuous primitive consumed sparse event or discrete state field,break_board_after_streak_ge_5,Mean,EventCount|EventAge|EventTransition|StateDwell|WindowStateCount,phase3ce1_typed_primitive_gate_v1_20260618,phase3ce1_g2_input_gate_smoke,g2_selector_input_smoke,mature_g2_candidate,blocked_unsafe_known_structure,reject,upstream typed gate already rejected row
cn_factor_direct_event_0195,"CSRank(Mean($break_board_after_streak_ge_5,5))",direct_event,event_factor,break_board_after_streak_ge_5,True,phase3aa_event_0183_cn_factor_direct_event_0195,event_derived_feature_layer,True,False,blocked_unsafe_known_structure,ordinary continuous primitive consumed sparse event or discrete state field,break_board_after_streak_ge_5,Mean,EventCount|EventAge|EventTransition|StateDwell|WindowStateCount,phase3ce1_typed_primitive_gate_v1_20260618,phase3ce1_g2_input_gate_smoke,g2_selector_input_smoke,mature_g2_candidate,blocked_unsafe_known_structure,reject,upstream typed gate already rejected row
cn_factor_direct_event_0196,"CSRank(Mean($break_board_after_streak_ge_6,2))",direct_event,event_factor,break_board_after_streak_ge_6,True,phase3aa_event_0184_cn_factor_direct_event_0196,event_derived_feature_layer,True,False,blocked_unsafe_known_structure,ordinary continuous primitive consumed sparse event or discrete state field,break_board_after_streak_ge_6,Mean,EventCount|EventAge|EventTransition|StateDwell|WindowStateCount,phase3ce1_typed_primitive_gate_v1_20260618,phase3ce1_g2_input_gate_smoke,g2_selector_input_smoke,mature_g2_candidate,blocked_unsafe_known_structure,reject,upstream typed gate already rejected row
cn_factor_direct_event_0197,"CSRank(Mean($break_board_after_streak_ge_6,3))",direct_event,event_factor,break_board_after_streak_ge_6,True,phase3aa_event_0185_cn_factor_direct_event_0197,event_derived_feature_layer,True,False,blocked_unsafe_known_structure,ordinary continuous primitive consumed sparse event or discrete state field,break_board_after_streak_ge_6,Mean,EventCount|EventAge|EventTransition|StateDwell|WindowStateCount,phase3ce1_typed_primitive_gate_v1_20260618,phase3ce1_g2_input_gate_smoke,g2_selector_input_smoke,mature_g2_candidate,blocked_unsafe_known_structure,reject,upstream typed gate already rejected row
cn_factor_direct_event_0198,"CSRank(Mean($break_board_after_streak_ge_6,5))",direct_event,event_factor,break_board_after_streak_ge_6,True,phase3aa_event_0186_cn_factor_direct_event_0198,event_derived_feature_layer,True,False,blocked_unsafe_known_structure,ordinary continuous primitive consumed sparse event or discrete state field,break_board_after_streak_ge_6,Mean,EventCount|EventAge|EventTransition|StateDwell|WindowStateCount,phase3ce1_typed_primitive_gate_v1_20260618,phase3ce1_g2_input_gate_smoke,g2_selector_input_smoke,mature_g2_candidate,blocked_unsafe_known_structure,reject,upstream typed gate already rejected row
cn_factor_direct_event_0199,"CSRank(Mean($break_board_after_streak_ge_7,2))",direct_event,event_factor,break_board_after_streak_ge_7,True,phase3aa_event_0187_cn_factor_direct_event_0199,event_derived_feature_layer,True,False,blocked_unsafe_known_structure,ordinary continuous primitive consumed sparse event or discrete state field,break_board_after_streak_ge_7,Mean,EventCount|EventAge|EventTransition|StateDwell|WindowStateCount,phase3ce1_typed_primitive_gate_v1_20260618,phase3ce1_g2_input_gate_smoke,g2_selector_input_smoke,mature_g2_candidate,blocked_unsafe_known_structure,reject,upstream typed gate already rejected row
cn_factor_direct_event_0200,"CSRank(Mean($break_board_after_streak_ge_7,3))",direct_event,event_factor,break_board_after_streak_ge_7,True,phase3aa_event_0188_cn_factor_direct_event_0200,event_derived_feature_layer,True,False,blocked_unsafe_known_structure,ordinary continuous primitive consumed sparse event or discrete state field,break_board_after_streak_ge_7,Mean,EventCount|EventAge|EventTransition|StateDwell|WindowStateCount,phase3ce1_typed_primitive_gate_v1_20260618,phase3ce1_g2_input_gate_smoke,g2_selector_input_smoke,mature_g2_candidate,blocked_unsafe_known_structure,reject,upstream typed gate already rejected row
cn_factor_direct_event_0201,"CSRank(Mean($break_board_after_streak_ge_7,5))",direct_event,event_factor,break_board_after_streak_ge_7,True,phase3aa_event_0189_cn_factor_direct_event_0201,event_derived_feature_layer,True,False,blocked_unsafe_known_structure,ordinary continuous primitive consumed sparse event or discrete state field,break_board_after_streak_ge_7,Mean,EventCount|EventAge|EventTransition|StateDwell|WindowStateCount,phase3ce1_typed_primitive_gate_v1_20260618,phase3ce1_g2_input_gate_smoke,g2_selector_input_smoke,mature_g2_candidate,blocked_unsafe_known_structure,reject,upstream typed gate already rejected row
cn_factor_direct_event_0202,"CSRank(Mean($break_board_after_streak_ge_8,2))",direct_event,event_factor,break_board_after_streak_ge_8,True,phase3aa_event_0190_cn_factor_direct_event_0202,event_derived_feature_layer,True,False,blocked_unsafe_known_structure,ordinary continuous primitive consumed sparse event or discrete state field,break_board_after_streak_ge_8,Mean,EventCount|EventAge|EventTransition|StateDwell|WindowStateCount,phase3ce1_typed_primitive_gate_v1_20260618,phase3ce1_g2_input_gate_smoke,g2_selector_input_smoke,mature_g2_candidate,blocked_unsafe_known_structure,reject,upstream typed gate already rejected row
cn_factor_direct_event_0203,"CSRank(Mean($break_board_after_streak_ge_8,3))",direct_event,event_factor,break_board_after_streak_ge_8,True,phase3aa_event_0191_cn_factor_direct_event_0203,event_derived_feature_layer,True,False,blocked_unsafe_known_structure,ordinary continuous primitive consumed sparse event or discrete state field,break_board_after_streak_ge_8,Mean,EventCount|EventAge|EventTransition|StateDwell|WindowStateCount,phase3ce1_typed_primitive_gate_v1_20260618,phase3ce1_g2_input_gate_smoke,g2_selector_input_smoke,mature_g2_candidate,blocked_unsafe_known_structure,reject,upstream typed gate already rejected row
cn_factor_direct_event_0204,"CSRank(Mean($break_board_after_streak_ge_8,5))",direct_event,event_factor,break_board_after_streak_ge_8,True,phase3aa_event_0192_cn_factor_direct_event_0204,event_derived_feature_layer,True,False,blocked_unsafe_known_structure,ordinary continuous primitive consumed sparse event or discrete state field,break_board_after_streak_ge_8,Mean,EventCount|EventAge|EventTransition|StateDwell|WindowStateCount,phase3ce1_typed_primitive_gate_v1_20260618,phase3ce1_g2_input_gate_smoke,g2_selector_input_smoke,mature_g2_candidate,blocked_unsafe_known_structure,reject,upstream typed gate already rejected row
cn_factor_direct_event_0205,"CSRank(Mean($break_board_after_streak_ge_9,2))",direct_event,event_factor,break_board_after_streak_ge_9,True,phase3aa_event_0193_cn_factor_direct_event_0205,event_derived_feature_layer,True,False,blocked_unsafe_known_structure,ordinary continuous primitive consumed sparse event or discrete state field,break_board_after_streak_ge_9,Mean,EventCount|EventAge|EventTransition|StateDwell|WindowStateCount,phase3ce1_typed_primitive_gate_v1_20260618,phase3ce1_g2_input_gate_smoke,g2_selector_input_smoke,mature_g2_candidate,blocked_unsafe_known_structure,reject,upstream typed gate already rejected row
cn_factor_direct_event_0206,"CSRank(Mean($break_board_after_streak_ge_9,3))",direct_event,event_factor,break_board_after_streak_ge_9,True,phase3aa_event_0194_cn_factor_direct_event_0206,event_derived_feature_layer,True,False,blocked_unsafe_known_structure,ordinary continuous primitive consumed sparse event or discrete state field,break_board_after_streak_ge_9,Mean,EventCount|EventAge|EventTransition|StateDwell|WindowStateCount,phase3ce1_typed_primitive_gate_v1_20260618,phase3ce1_g2_input_gate_smoke,g2_selector_input_smoke,mature_g2_candidate,blocked_unsafe_known_structure,reject,upstream typed gate already rejected row
cn_factor_direct_event_0207,"CSRank(Mean($break_board_after_streak_ge_9,5))",direct_event,event_factor,break_board_after_streak_ge_9,True,phase3aa_event_0195_cn_factor_direct_event_0207,event_derived_feature_layer,True,False,blocked_unsafe_known_structure,ordinary continuous primitive consumed sparse event or discrete state field,break_board_after_streak_ge_9,Mean,EventCount|EventAge|EventTransition|StateDwell|WindowStateCount,phase3ce1_typed_primitive_gate_v1_20260618,phase3ce1_g2_input_gate_smoke,g2_selector_input_smoke,mature_g2_candidate,blocked_unsafe_known_structure,reject,upstream typed gate already rejected row
cn_factor_direct_event_0208,"CSRank(Mean($limit_up_close_count_t10,2))",direct_event,event_factor,limit_up_close_count_t10,True,phase3aa_event_0196_cn_factor_direct_event_0208,event_derived_feature_layer,True,False,blocked_unsafe_known_structure,ordinary continuous primitive consumed sparse event or discrete state field,limit_up_close_count_t10,Mean,EventCount|EventAge|EventTransition|StateDwell|WindowStateCount,phase3ce1_typed_primitive_gate_v1_20260618,phase3ce1_g2_input_gate_smoke,g2_selector_input_smoke,mature_g2_candidate,blocked_unsafe_known_structure,reject,upstream typed gate already rejected row
cn_factor_direct_event_0209,"CSRank(Mean($limit_up_close_count_t10,3))",direct_event,event_factor,limit_up_close_count_t10,True,phase3aa_event_0197_cn_factor_direct_event_0209,event_derived_feature_layer,True,False,blocked_unsafe_known_structure,ordinary continuous primitive consumed sparse event or discrete state field,limit_up_close_count_t10,Mean,EventCount|EventAge|EventTransition|StateDwell|WindowStateCount,phase3ce1_typed_primitive_gate_v1_20260618,phase3ce1_g2_input_gate_smoke,g2_selector_input_smoke,mature_g2_candidate,blocked_unsafe_known_structure,reject,upstream typed gate already rejected row
cn_factor_direct_event_0210,"CSRank(Mean($limit_up_close_count_t10,5))",direct_event,event_factor,limit_up_close_count_t10,True,phase3aa_event_0198_cn_factor_direct_event_0210,event_derived_feature_layer,True,False,blocked_unsafe_known_structure,ordinary continuous primitive consumed sparse event or discrete state field,limit_up_close_count_t10,Mean,EventCount|EventAge|EventTransition|StateDwell|WindowStateCount,phase3ce1_typed_primitive_gate_v1_20260618,phase3ce1_g2_input_gate_smoke,g2_selector_input_smoke,mature_g2_candidate,blocked_unsafe_known_structure,reject,upstream typed gate already rejected row
cn_factor_direct_event_0211,"CSRank(Mean($limit_up_close_count_t2,2))",direct_event,event_factor,limit_up_close_count_t2,True,phase3aa_event_0199_cn_factor_direct_event_0211,event_derived_feature_layer,True,False,blocked_unsafe_known_structure,ordinary continuous primitive consumed sparse event or discrete state field,limit_up_close_count_t2,Mean,EventCount|EventAge|EventTransition|StateDwell|WindowStateCount,phase3ce1_typed_primitive_gate_v1_20260618,phase3ce1_g2_input_gate_smoke,g2_selector_input_smoke,mature_g2_candidate,blocked_unsafe_known_structure,reject,upstream typed gate already rejected row
cn_factor_direct_event_0212,"CSRank(Mean($limit_up_close_count_t2,3))",direct_event,event_factor,limit_up_close_count_t2,True,phase3aa_event_0200_cn_factor_direct_event_0212,event_derived_feature_layer,True,False,blocked_unsafe_known_structure,ordinary continuous primitive consumed sparse event or discrete state field,limit_up_close_count_t2,Mean,EventCount|EventAge|EventTransition|StateDwell|WindowStateCount,phase3ce1_typed_primitive_gate_v1_20260618,phase3ce1_g2_input_gate_smoke,g2_selector_input_smoke,mature_g2_candidate,blocked_unsafe_known_structure,reject,upstream typed gate already rejected row
cn_factor_direct_event_0213,"CSRank(Mean($limit_up_close_count_t2,5))",direct_event,event_factor,limit_up_close_count_t2,True,phase3aa_event_0201_cn_factor_direct_event_0213,event_derived_feature_layer,True,False,blocked_unsafe_known_structure,ordinary continuous primitive consumed sparse event or discrete state field,limit_up_close_count_t2,Mean,EventCount|EventAge|EventTransition|StateDwell|WindowStateCount,phase3ce1_typed_primitive_gate_v1_20260618,phase3ce1_g2_input_gate_smoke,g2_selector_input_smoke,mature_g2_candidate,blocked_unsafe_known_structure,reject,upstream typed gate already rejected row
cn_factor_direct_event_0214,"CSRank(Mean($limit_up_close_count_t3,2))",direct_event,event_factor,limit_up_close_count_t3,True,phase3aa_event_0202_cn_factor_direct_event_0214,event_derived_feature_layer,True,False,blocked_unsafe_known_structure,ordinary continuous primitive consumed sparse event or discrete state field,limit_up_close_count_t3,Mean,EventCount|EventAge|EventTransition|StateDwell|WindowStateCount,phase3ce1_typed_primitive_gate_v1_20260618,phase3ce1_g2_input_gate_smoke,g2_selector_input_smoke,mature_g2_candidate,blocked_unsafe_known_structure,reject,upstream typed gate already rejected row
cn_factor_direct_event_0215,"CSRank(Mean($limit_up_close_count_t3,3))",direct_event,event_factor,limit_up_close_count_t3,True,phase3aa_event_0203_cn_factor_direct_event_0215,event_derived_feature_layer,True,False,blocked_unsafe_known_structure,ordinary continuous primitive consumed sparse event or discrete state field,limit_up_close_count_t3,Mean,EventCount|EventAge|EventTransition|StateDwell|WindowStateCount,phase3ce1_typed_primitive_gate_v1_20260618,phase3ce1_g2_input_gate_smoke,g2_selector_input_smoke,mature_g2_candidate,blocked_unsafe_known_structure,reject,upstream typed gate already rejected row
cn_factor_direct_event_0216,"CSRank(Mean($limit_up_close_count_t3,5))",direct_event,event_factor,limit_up_close_count_t3,True,phase3aa_event_0204_cn_factor_direct_event_0216,event_derived_feature_layer,True,False,blocked_unsafe_known_structure,ordinary continuous primitive consumed sparse event or discrete state field,limit_up_close_count_t3,Mean,EventCount|EventAge|EventTransition|StateDwell|WindowStateCount,phase3ce1_typed_primitive_gate_v1_20260618,phase3ce1_g2_input_gate_smoke,g2_selector_input_smoke,mature_g2_candidate,blocked_unsafe_known_structure,reject,upstream typed gate already rejected row
cn_factor_direct_event_0217,"CSRank(Mean($limit_up_close_count_t4,2))",direct_event,event_factor,limit_up_close_count_t4,True,phase3aa_event_0205_cn_factor_direct_event_0217,event_derived_feature_layer,True,False,blocked_unsafe_known_structure,ordinary continuous primitive consumed sparse event or discrete state field,limit_up_close_count_t4,Mean,EventCount|EventAge|EventTransition|StateDwell|WindowStateCount,phase3ce1_typed_primitive_gate_v1_20260618,phase3ce1_g2_input_gate_smoke,g2_selector_input_smoke,mature_g2_candidate,blocked_unsafe_known_structure,reject,upstream typed gate already rejected row
cn_factor_direct_event_0218,"CSRank(Mean($limit_up_close_count_t4,3))",direct_event,event_factor,limit_up_close_count_t4,True,phase3aa_event_0206_cn_factor_direct_event_0218,event_derived_feature_layer,True,False,blocked_unsafe_known_structure,ordinary continuous primitive consumed sparse event or discrete state field,limit_up_close_count_t4,Mean,EventCount|EventAge|EventTransition|StateDwell|WindowStateCount,phase3ce1_typed_primitive_gate_v1_20260618,phase3ce1_g2_input_gate_smoke,g2_selector_input_smoke,mature_g2_candidate,blocked_unsafe_known_structure,reject,upstream typed gate already rejected row
cn_factor_direct_event_0219,"CSRank(Mean($limit_up_close_count_t4,5))",direct_event,event_factor,limit_up_close_count_t4,True,phase3aa_event_0207_cn_factor_direct_event_0219,event_derived_feature_layer,True,False,blocked_unsafe_known_structure,ordinary continuous primitive consumed sparse event or discrete state field,limit_up_close_count_t4,Mean,EventCount|EventAge|EventTransition|StateDwell|WindowStateCount,phase3ce1_typed_primitive_gate_v1_20260618,phase3ce1_g2_input_gate_smoke,g2_selector_input_smoke,mature_g2_candidate,blocked_unsafe_known_structure,reject,upstream typed gate already rejected row
cn_factor_direct_event_0220,"CSRank(Mean($limit_up_close_count_t5,2))",direct_event,event_factor,limit_up_close_count_t5,True,phase3aa_event_0208_cn_factor_direct_event_0220,event_derived_feature_layer,True,False,blocked_unsafe_known_structure,ordinary continuous primitive consumed sparse event or discrete state field,limit_up_close_count_t5,Mean,EventCount|EventAge|EventTransition|StateDwell|WindowStateCount,phase3ce1_typed_primitive_gate_v1_20260618,phase3ce1_g2_input_gate_smoke,g2_selector_input_smoke,mature_g2_candidate,blocked_unsafe_known_structure,reject,upstream typed gate already rejected row
cn_factor_direct_event_0221,"CSRank(Mean($limit_up_close_count_t5,3))",direct_event,event_factor,limit_up_close_count_t5,True,phase3aa_event_0209_cn_factor_direct_event_0221,event_derived_feature_layer,True,False,blocked_unsafe_known_structure,ordinary continuous primitive consumed sparse event or discrete state field,limit_up_close_count_t5,Mean,EventCount|EventAge|EventTransition|StateDwell|WindowStateCount,phase3ce1_typed_primitive_gate_v1_20260618,phase3ce1_g2_input_gate_smoke,g2_selector_input_smoke,mature_g2_candidate,blocked_unsafe_known_structure,reject,upstream typed gate already rejected row
cn_factor_direct_event_0222,"CSRank(Mean($limit_up_close_count_t5,5))",direct_event,event_factor,limit_up_close_count_t5,True,phase3aa_event_0210_cn_factor_direct_event_0222,event_derived_feature_layer,True,False,blocked_unsafe_known_structure,ordinary continuous primitive consumed sparse event or discrete state field,limit_up_close_count_t5,Mean,EventCount|EventAge|EventTransition|StateDwell|WindowStateCount,phase3ce1_typed_primitive_gate_v1_20260618,phase3ce1_g2_input_gate_smoke,g2_selector_input_smoke,mature_g2_candidate,blocked_unsafe_known_structure,reject,upstream typed gate already rejected row
cn_factor_direct_event_0223,"CSRank(Mean($limit_up_close_count_t6,2))",direct_event,event_factor,limit_up_close_count_t6,True,phase3aa_event_0211_cn_factor_direct_event_0223,event_derived_feature_layer,True,False,blocked_unsafe_known_structure,ordinary continuous primitive consumed sparse event or discrete state field,limit_up_close_count_t6,Mean,EventCount|EventAge|EventTransition|StateDwell|WindowStateCount,phase3ce1_typed_primitive_gate_v1_20260618,phase3ce1_g2_input_gate_smoke,g2_selector_input_smoke,mature_g2_candidate,blocked_unsafe_known_structure,reject,upstream typed gate already rejected row
cn_factor_direct_event_0224,"CSRank(Mean($limit_up_close_count_t6,3))",direct_event,event_factor,limit_up_close_count_t6,True,phase3aa_event_0212_cn_factor_direct_event_0224,event_derived_feature_layer,True,False,blocked_unsafe_known_structure,ordinary continuous primitive consumed sparse event or discrete state field,limit_up_close_count_t6,Mean,EventCount|EventAge|EventTransition|StateDwell|WindowStateCount,phase3ce1_typed_primitive_gate_v1_20260618,phase3ce1_g2_input_gate_smoke,g2_selector_input_smoke,mature_g2_candidate,blocked_unsafe_known_structure,reject,upstream typed gate already rejected row
cn_factor_direct_event_0225,"CSRank(Mean($limit_up_close_count_t6,5))",direct_event,event_factor,limit_up_close_count_t6,True,phase3aa_event_0213_cn_factor_direct_event_0225,event_derived_feature_layer,True,False,blocked_unsafe_known_structure,ordinary continuous primitive consumed sparse event or discrete state field,limit_up_close_count_t6,Mean,EventCount|EventAge|EventTransition|StateDwell|WindowStateCount,phase3ce1_typed_primitive_gate_v1_20260618,phase3ce1_g2_input_gate_smoke,g2_selector_input_smoke,mature_g2_candidate,blocked_unsafe_known_structure,reject,upstream typed gate already rejected row
cn_factor_direct_event_0226,"CSRank(Mean($limit_up_close_count_t7,2))",direct_event,event_factor,limit_up_close_count_t7,True,phase3aa_event_0214_cn_factor_direct_event_0226,event_derived_feature_layer,True,False,blocked_unsafe_known_structure,ordinary continuous primitive consumed sparse event or discrete state field,limit_up_close_count_t7,Mean,EventCount|EventAge|EventTransition|StateDwell|WindowStateCount,phase3ce1_typed_primitive_gate_v1_20260618,phase3ce1_g2_input_gate_smoke,g2_selector_input_smoke,mature_g2_candidate,blocked_unsafe_known_structure,reject,upstream typed gate already rejected row
cn_factor_direct_event_0227,"CSRank(Mean($limit_up_close_count_t7,3))",direct_event,event_factor,limit_up_close_count_t7,True,phase3aa_event_0215_cn_factor_direct_event_0227,event_derived_feature_layer,True,False,blocked_unsafe_known_structure,ordinary continuous primitive consumed sparse event or discrete state field,limit_up_close_count_t7,Mean,EventCount|EventAge|EventTransition|StateDwell|WindowStateCount,phase3ce1_typed_primitive_gate_v1_20260618,phase3ce1_g2_input_gate_smoke,g2_selector_input_smoke,mature_g2_candidate,blocked_unsafe_known_structure,reject,upstream typed gate already rejected row
cn_factor_direct_event_0228,"CSRank(Mean($limit_up_close_count_t7,5))",direct_event,event_factor,limit_up_close_count_t7,True,phase3aa_event_0216_cn_factor_direct_event_0228,event_derived_feature_layer,True,False,blocked_unsafe_known_structure,ordinary continuous primitive consumed sparse event or discrete state field,limit_up_close_count_t7,Mean,EventCount|EventAge|EventTransition|StateDwell|WindowStateCount,phase3ce1_typed_primitive_gate_v1_20260618,phase3ce1_g2_input_gate_smoke,g2_selector_input_smoke,mature_g2_candidate,blocked_unsafe_known_structure,reject,upstream typed gate already rejected row
cn_factor_direct_event_0229,"CSRank(Mean($limit_up_close_count_t8,2))",direct_event,event_factor,limit_up_close_count_t8,True,phase3aa_event_0217_cn_factor_direct_event_0229,event_derived_feature_layer,True,False,blocked_unsafe_known_structure,ordinary continuous primitive consumed sparse event or discrete state field,limit_up_close_count_t8,Mean,EventCount|EventAge|EventTransition|StateDwell|WindowStateCount,phase3ce1_typed_primitive_gate_v1_20260618,phase3ce1_g2_input_gate_smoke,g2_selector_input_smoke,mature_g2_candidate,blocked_unsafe_known_structure,reject,upstream typed gate already rejected row
cn_factor_direct_event_0230,"CSRank(Mean($limit_up_close_count_t8,3))",direct_event,event_factor,limit_up_close_count_t8,True,phase3aa_event_0218_cn_factor_direct_event_0230,event_derived_feature_layer,True,False,blocked_unsafe_known_structure,ordinary continuous primitive consumed sparse event or discrete state field,limit_up_close_count_t8,Mean,EventCount|EventAge|EventTransition|StateDwell|WindowStateCount,phase3ce1_typed_primitive_gate_v1_20260618,phase3ce1_g2_input_gate_smoke,g2_selector_input_smoke,mature_g2_candidate,blocked_unsafe_known_structure,reject,upstream typed gate already rejected row
cn_factor_direct_event_0231,"CSRank(Mean($limit_up_close_count_t8,5))",direct_event,event_factor,limit_up_close_count_t8,True,phase3aa_event_0219_cn_factor_direct_event_0231,event_derived_feature_layer,True,False,blocked_unsafe_known_structure,ordinary continuous primitive consumed sparse event or discrete state field,limit_up_close_count_t8,Mean,EventCount|EventAge|EventTransition|StateDwell|WindowStateCount,phase3ce1_typed_primitive_gate_v1_20260618,phase3ce1_g2_input_gate_smoke,g2_selector_input_smoke,mature_g2_candidate,blocked_unsafe_known_structure,reject,upstream typed gate already rejected row
cn_factor_direct_event_0232,"CSRank(Mean($limit_up_close_count_t9,2))",direct_event,event_factor,limit_up_close_count_t9,True,phase3aa_event_0220_cn_factor_direct_event_0232,event_derived_feature_layer,True,False,blocked_unsafe_known_structure,ordinary continuous primitive consumed sparse event or discrete state field,limit_up_close_count_t9,Mean,EventCount|EventAge|EventTransition|StateDwell|WindowStateCount,phase3ce1_typed_primitive_gate_v1_20260618,phase3ce1_g2_input_gate_smoke,g2_selector_input_smoke,mature_g2_candidate,blocked_unsafe_known_structure,reject,upstream typed gate already rejected row
cn_factor_direct_event_0233,"CSRank(Mean($limit_up_close_count_t9,3))",direct_event,event_factor,limit_up_close_count_t9,True,phase3aa_event_0221_cn_factor_direct_event_0233,event_derived_feature_layer,True,False,blocked_unsafe_known_structure,ordinary continuous primitive consumed sparse event or discrete state field,limit_up_close_count_t9,Mean,EventCount|EventAge|EventTransition|StateDwell|WindowStateCount,phase3ce1_typed_primitive_gate_v1_20260618,phase3ce1_g2_input_gate_smoke,g2_selector_input_smoke,mature_g2_candidate,blocked_unsafe_known_structure,reject,upstream typed gate already rejected row
cn_factor_direct_event_0234,"CSRank(Mean($limit_up_close_count_t9,5))",direct_event,event_factor,limit_up_close_count_t9,True,phase3aa_event_0222_cn_factor_direct_event_0234,event_derived_feature_layer,True,False,blocked_unsafe_known_structure,ordinary continuous primitive consumed sparse event or discrete state field,limit_up_close_count_t9,Mean,EventCount|EventAge|EventTransition|StateDwell|WindowStateCount,phase3ce1_typed_primitive_gate_v1_20260618,phase3ce1_g2_input_gate_smoke,g2_selector_input_smoke,mature_g2_candidate,blocked_unsafe_known_structure,reject,upstream typed gate already rejected row
cn_factor_direct_event_0235,"CSRank(Mean($limit_up_open_count_t10,2))",direct_event,event_factor,limit_up_open_count_t10,True,phase3aa_event_0223_cn_factor_direct_event_0235,event_derived_feature_layer,True,False,blocked_unsafe_known_structure,ordinary continuous primitive consumed sparse event or discrete state field,limit_up_open_count_t10,Mean,EventCount|EventAge|EventTransition|StateDwell|WindowStateCount,phase3ce1_typed_primitive_gate_v1_20260618,phase3ce1_g2_input_gate_smoke,g2_selector_input_smoke,mature_g2_candidate,blocked_unsafe_known_structure,reject,upstream typed gate already rejected row
cn_factor_direct_event_0236,"CSRank(Mean($limit_up_open_count_t10,3))",direct_event,event_factor,limit_up_open_count_t10,True,phase3aa_event_0224_cn_factor_direct_event_0236,event_derived_feature_layer,True,False,blocked_unsafe_known_structure,ordinary continuous primitive consumed sparse event or discrete state field,limit_up_open_count_t10,Mean,EventCount|EventAge|EventTransition|StateDwell|WindowStateCount,phase3ce1_typed_primitive_gate_v1_20260618,phase3ce1_g2_input_gate_smoke,g2_selector_input_smoke,mature_g2_candidate,blocked_unsafe_known_structure,reject,upstream typed gate already rejected row
cn_factor_direct_event_0237,"CSRank(Mean($limit_up_open_count_t10,5))",direct_event,event_factor,limit_up_open_count_t10,True,phase3aa_event_0225_cn_factor_direct_event_0237,event_derived_feature_layer,True,False,blocked_unsafe_known_structure,ordinary continuous primitive consumed sparse event or discrete state field,limit_up_open_count_t10,Mean,EventCount|EventAge|EventTransition|StateDwell|WindowStateCount,phase3ce1_typed_primitive_gate_v1_20260618,phase3ce1_g2_input_gate_smoke,g2_selector_input_smoke,mature_g2_candidate,blocked_unsafe_known_structure,reject,upstream typed gate already rejected row
cn_factor_direct_event_0238,"CSRank(Mean($limit_up_open_count_t2,2))",direct_event,event_factor,limit_up_open_count_t2,True,phase3aa_event_0226_cn_factor_direct_event_0238,event_derived_feature_layer,True,False,blocked_unsafe_known_structure,ordinary continuous primitive consumed sparse event or discrete state field,limit_up_open_count_t2,Mean,EventCount|EventAge|EventTransition|StateDwell|WindowStateCount,phase3ce1_typed_primitive_gate_v1_20260618,phase3ce1_g2_input_gate_smoke,g2_selector_input_smoke,mature_g2_candidate,blocked_unsafe_known_structure,reject,upstream typed gate already rejected row
cn_factor_direct_event_0239,"CSRank(Mean($limit_up_open_count_t2,3))",direct_event,event_factor,limit_up_open_count_t2,True,phase3aa_event_0227_cn_factor_direct_event_0239,event_derived_feature_layer,True,False,blocked_unsafe_known_structure,ordinary continuous primitive consumed sparse event or discrete state field,limit_up_open_count_t2,Mean,EventCount|EventAge|EventTransition|StateDwell|WindowStateCount,phase3ce1_typed_primitive_gate_v1_20260618,phase3ce1_g2_input_gate_smoke,g2_selector_input_smoke,mature_g2_candidate,blocked_unsafe_known_structure,reject,upstream typed gate already rejected row
cn_factor_direct_event_0240,"CSRank(Mean($limit_up_open_count_t2,5))",direct_event,event_factor,limit_up_open_count_t2,True,phase3aa_event_0228_cn_factor_direct_event_0240,event_derived_feature_layer,True,False,blocked_unsafe_known_structure,ordinary continuous primitive consumed sparse event or discrete state field,limit_up_open_count_t2,Mean,EventCount|EventAge|EventTransition|StateDwell|WindowStateCount,phase3ce1_typed_primitive_gate_v1_20260618,phase3ce1_g2_input_gate_smoke,g2_selector_input_smoke,mature_g2_candidate,blocked_unsafe_known_structure,reject,upstream typed gate already rejected row
cn_factor_event_curve_0241,"CSRank(Sub(Mean($limit_up_close_not_open_count_t10,2),Mean($limit_up_close_not_open_count_t10,5)))",event_curve,event_factor,limit_up_close_not_open_count_t10,True,phase3aa_event_0229_cn_factor_event_curve_0241,event_derived_feature_layer,True,False,blocked_unsafe_known_structure,ordinary continuous primitive consumed sparse event or discrete state field,limit_up_close_not_open_count_t10,Mean,EventCount|EventAge|EventTransition|StateDwell|WindowStateCount,phase3ce1_typed_primitive_gate_v1_20260618,phase3ce1_g2_input_gate_smoke,g2_selector_input_smoke,mature_g2_candidate,blocked_unsafe_known_structure,reject,upstream typed gate already rejected row
cn_factor_event_curve_0242,"CSRank(Sub(Mean($limit_up_close_not_open_count_t10,3),Mean($limit_up_close_not_open_count_t10,10)))",event_curve,event_factor,limit_up_close_not_open_count_t10,True,phase3aa_event_0230_cn_factor_event_curve_0242,event_derived_feature_layer,True,False,blocked_unsafe_known_structure,ordinary continuous primitive consumed sparse event or discrete state field,limit_up_close_not_open_count_t10,Mean,EventCount|EventAge|EventTransition|StateDwell|WindowStateCount,phase3ce1_typed_primitive_gate_v1_20260618,phase3ce1_g2_input_gate_smoke,g2_selector_input_smoke,mature_g2_candidate,blocked_unsafe_known_structure,reject,upstream typed gate already rejected row
cn_factor_event_curve_0243,"CSRank(Sub(Mean($limit_up_close_not_open_count_t10,5),Mean($limit_up_close_not_open_count_t10,20)))",event_curve,event_factor,limit_up_close_not_open_count_t10,True,phase3aa_event_0231_cn_factor_event_curve_0243,event_derived_feature_layer,True,False,blocked_unsafe_known_structure,ordinary continuous primitive consumed sparse event or discrete state field,limit_up_close_not_open_count_t10,Mean,EventCount|EventAge|EventTransition|StateDwell|WindowStateCount,phase3ce1_typed_primitive_gate_v1_20260618,phase3ce1_g2_input_gate_smoke,g2_selector_input_smoke,mature_g2_candidate,blocked_unsafe_known_structure,reject,upstream typed gate already rejected row
cn_factor_event_curve_0244,"CSRank(Sub(Mean($limit_up_close_not_open_count_t2,2),Mean($limit_up_close_not_open_count_t2,5)))",event_curve,event_factor,limit_up_close_not_open_count_t2,True,phase3aa_event_0232_cn_factor_event_curve_0244,event_derived_feature_layer,True,False,blocked_unsafe_known_structure,ordinary continuous primitive consumed sparse event or discrete state field,limit_up_close_not_open_count_t2,Mean,EventCount|EventAge|EventTransition|StateDwell|WindowStateCount,phase3ce1_typed_primitive_gate_v1_20260618,phase3ce1_g2_input_gate_smoke,g2_selector_input_smoke,mature_g2_candidate,blocked_unsafe_known_structure,reject,upstream typed gate already rejected row
cn_factor_event_curve_0245,"CSRank(Sub(Mean($limit_up_close_not_open_count_t2,3),Mean($limit_up_close_not_open_count_t2,10)))",event_curve,event_factor,limit_up_close_not_open_count_t2,True,phase3aa_event_0233_cn_factor_event_curve_0245,event_derived_feature_layer,True,False,blocked_unsafe_known_structure,ordinary continuous primitive consumed sparse event or discrete state field,limit_up_close_not_open_count_t2,Mean,EventCount|EventAge|EventTransition|StateDwell|WindowStateCount,phase3ce1_typed_primitive_gate_v1_20260618,phase3ce1_g2_input_gate_smoke,g2_selector_input_smoke,mature_g2_candidate,blocked_unsafe_known_structure,reject,upstream typed gate already rejected row
cn_factor_event_curve_0246,"CSRank(Sub(Mean($limit_up_close_not_open_count_t2,5),Mean($limit_up_close_not_open_count_t2,20)))",event_curve,event_factor,limit_up_close_not_open_count_t2,True,phase3aa_event_0234_cn_factor_event_curve_0246,event_derived_feature_layer,True,False,blocked_unsafe_known_structure,ordinary continuous primitive consumed sparse event or discrete state field,limit_up_close_not_open_count_t2,Mean,EventCount|EventAge|EventTransition|StateDwell|WindowStateCount,phase3ce1_typed_primitive_gate_v1_20260618,phase3ce1_g2_input_gate_smoke,g2_selector_input_smoke,mature_g2_candidate,blocked_unsafe_known_structure,reject,upstream typed gate already rejected row
cn_factor_event_curve_0247,"CSRank(Sub(Mean($limit_up_close_not_open_count_t3,2),Mean($limit_up_close_not_open_count_t3,5)))",event_curve,event_factor,limit_up_close_not_open_count_t3,True,phase3aa_event_0235_cn_factor_event_curve_0247,event_derived_feature_layer,True,False,blocked_unsafe_known_structure,ordinary continuous primitive consumed sparse event or discrete state field,limit_up_close_not_open_count_t3,Mean,EventCount|EventAge|EventTransition|StateDwell|WindowStateCount,phase3ce1_typed_primitive_gate_v1_20260618,phase3ce1_g2_input_gate_smoke,g2_selector_input_smoke,mature_g2_candidate,blocked_unsafe_known_structure,reject,upstream typed gate already rejected row
cn_factor_event_curve_0248,"CSRank(Sub(Mean($limit_up_close_not_open_count_t3,3),Mean($limit_up_close_not_open_count_t3,10)))",event_curve,event_factor,limit_up_close_not_open_count_t3,True,phase3aa_event_0236_cn_factor_event_curve_0248,event_derived_feature_layer,True,False,blocked_unsafe_known_structure,ordinary continuous primitive consumed sparse event or discrete state field,limit_up_close_not_open_count_t3,Mean,EventCount|EventAge|EventTransition|StateDwell|WindowStateCount,phase3ce1_typed_primitive_gate_v1_20260618,phase3ce1_g2_input_gate_smoke,g2_selector_input_smoke,mature_g2_candidate,blocked_unsafe_known_structure,reject,upstream typed gate already rejected row
cn_factor_event_curve_0249,"CSRank(Sub(Mean($limit_up_close_not_open_count_t3,5),Mean($limit_up_close_not_open_count_t3,20)))",event_curve,event_factor,limit_up_close_not_open_count_t3,True,phase3aa_event_0237_cn_factor_event_curve_0249,event_derived_feature_layer,True,False,blocked_unsafe_known_structure,ordinary continuous primitive consumed sparse event or discrete state field,limit_up_close_not_open_count_t3,Mean,EventCount|EventAge|EventTransition|StateDwell|WindowStateCount,phase3ce1_typed_primitive_gate_v1_20260618,phase3ce1_g2_input_gate_smoke,g2_selector_input_smoke,mature_g2_candidate,blocked_unsafe_known_structure,reject,upstream typed gate already rejected row
cn_factor_event_curve_0250,"CSRank(Sub(Mean($limit_up_close_not_open_count_t4,2),Mean($limit_up_close_not_open_count_t4,5)))",event_curve,event_factor,limit_up_close_not_open_count_t4,True,phase3aa_event_0238_cn_factor_event_curve_0250,event_derived_feature_layer,True,False,blocked_unsafe_known_structure,ordinary continuous primitive consumed sparse event or discrete state field,limit_up_close_not_open_count_t4,Mean,EventCount|EventAge|EventTransition|StateDwell|WindowStateCount,phase3ce1_typed_primitive_gate_v1_20260618,phase3ce1_g2_input_gate_smoke,g2_selector_input_smoke,mature_g2_candidate,blocked_unsafe_known_structure,reject,upstream typed gate already rejected row
cn_factor_event_curve_0251,"CSRank(Sub(Mean($limit_up_close_not_open_count_t4,3),Mean($limit_up_close_not_open_count_t4,10)))",event_curve,event_factor,limit_up_close_not_open_count_t4,True,phase3aa_event_0239_cn_factor_event_curve_0251,event_derived_feature_layer,True,False,blocked_unsafe_known_structure,ordinary continuous primitive consumed sparse event or discrete state field,limit_up_close_not_open_count_t4,Mean,EventCount|EventAge|EventTransition|StateDwell|WindowStateCount,phase3ce1_typed_primitive_gate_v1_20260618,phase3ce1_g2_input_gate_smoke,g2_selector_input_smoke,mature_g2_candidate,blocked_unsafe_known_structure,reject,upstream typed gate already rejected row
cn_factor_event_curve_0252,"CSRank(Sub(Mean($limit_up_close_not_open_count_t4,5),Mean($limit_up_close_not_open_count_t4,20)))",event_curve,event_factor,limit_up_close_not_open_count_t4,True,phase3aa_event_0240_cn_factor_event_curve_0252,event_derived_feature_layer,True,False,blocked_unsafe_known_structure,ordinary continuous primitive consumed sparse event or discrete state field,limit_up_close_not_open_count_t4,Mean,EventCount|EventAge|EventTransition|StateDwell|WindowStateCount,phase3ce1_typed_primitive_gate_v1_20260618,phase3ce1_g2_input_gate_smoke,g2_selector_input_smoke,mature_g2_candidate,blocked_unsafe_known_structure,reject,upstream typed gate already rejected row
cn_factor_event_curve_0253,"CSRank(Sub(Mean($limit_up_close_not_open_count_t5,2),Mean($limit_up_close_not_open_count_t5,5)))",event_curve,event_factor,limit_up_close_not_open_count_t5,True,phase3aa_event_0241_cn_factor_event_curve_0253,event_derived_feature_layer,True,False,blocked_unsafe_known_structure,ordinary continuous primitive consumed sparse event or discrete state field,limit_up_close_not_open_count_t5,Mean,EventCount|EventAge|EventTransition|StateDwell|WindowStateCount,phase3ce1_typed_primitive_gate_v1_20260618,phase3ce1_g2_input_gate_smoke,g2_selector_input_smoke,mature_g2_candidate,blocked_unsafe_known_structure,reject,upstream typed gate already rejected row
cn_factor_event_curve_0254,"CSRank(Sub(Mean($limit_up_close_not_open_count_t5,3),Mean($limit_up_close_not_open_count_t5,10)))",event_curve,event_factor,limit_up_close_not_open_count_t5,True,phase3aa_event_0242_cn_factor_event_curve_0254,event_derived_feature_layer,True,False,blocked_unsafe_known_structure,ordinary continuous primitive consumed sparse event or discrete state field,limit_up_close_not_open_count_t5,Mean,EventCount|EventAge|EventTransition|StateDwell|WindowStateCount,phase3ce1_typed_primitive_gate_v1_20260618,phase3ce1_g2_input_gate_smoke,g2_selector_input_smoke,mature_g2_candidate,blocked_unsafe_known_structure,reject,upstream typed gate already rejected row
cn_factor_event_curve_0255,"CSRank(Sub(Mean($limit_up_close_not_open_count_t5,5),Mean($limit_up_close_not_open_count_t5,20)))",event_curve,event_factor,limit_up_close_not_open_count_t5,True,phase3aa_event_0243_cn_factor_event_curve_0255,event_derived_feature_layer,True,False,blocked_unsafe_known_structure,ordinary continuous primitive consumed sparse event or discrete state field,limit_up_close_not_open_count_t5,Mean,EventCount|EventAge|EventTransition|StateDwell|WindowStateCount,phase3ce1_typed_primitive_gate_v1_20260618,phase3ce1_g2_input_gate_smoke,g2_selector_input_smoke,mature_g2_candidate,blocked_unsafe_known_structure,reject,upstream typed gate already rejected row
cn_factor_event_curve_0256,"CSRank(Sub(Mean($limit_up_close_not_open_count_t6,2),Mean($limit_up_close_not_open_count_t6,5)))",event_curve,event_factor,limit_up_close_not_open_count_t6,True,phase3aa_event_0244_cn_factor_event_curve_0256,event_derived_feature_layer,True,False,blocked_unsafe_known_structure,ordinary continuous primitive consumed sparse event or discrete state field,limit_up_close_not_open_count_t6,Mean,EventCount|EventAge|EventTransition|StateDwell|WindowStateCount,phase3ce1_typed_primitive_gate_v1_20260618,phase3ce1_g2_input_gate_smoke,g2_selector_input_smoke,mature_g2_candidate,blocked_unsafe_known_structure,reject,upstream typed gate already rejected row
cn_factor_event_curve_0257,"CSRank(Sub(Mean($limit_up_close_not_open_count_t6,3),Mean($limit_up_close_not_open_count_t6,10)))",event_curve,event_factor,limit_up_close_not_open_count_t6,True,phase3aa_event_0245_cn_factor_event_curve_0257,event_derived_feature_layer,True,False,blocked_unsafe_known_structure,ordinary continuous primitive consumed sparse event or discrete state field,limit_up_close_not_open_count_t6,Mean,EventCount|EventAge|EventTransition|StateDwell|WindowStateCount,phase3ce1_typed_primitive_gate_v1_20260618,phase3ce1_g2_input_gate_smoke,g2_selector_input_smoke,mature_g2_candidate,blocked_unsafe_known_structure,reject,upstream typed gate already rejected row
cn_factor_event_curve_0258,"CSRank(Sub(Mean($limit_up_close_not_open_count_t6,5),Mean($limit_up_close_not_open_count_t6,20)))",event_curve,event_factor,limit_up_close_not_open_count_t6,True,phase3aa_event_0246_cn_factor_event_curve_0258,event_derived_feature_layer,True,False,blocked_unsafe_known_structure,ordinary continuous primitive consumed sparse event or discrete state field,limit_up_close_not_open_count_t6,Mean,EventCount|EventAge|EventTransition|StateDwell|WindowStateCount,phase3ce1_typed_primitive_gate_v1_20260618,phase3ce1_g2_input_gate_smoke,g2_selector_input_smoke,mature_g2_candidate,blocked_unsafe_known_structure,reject,upstream typed gate already rejected row
cn_factor_event_curve_0259,"CSRank(Sub(Mean($limit_up_close_not_open_count_t7,2),Mean($limit_up_close_not_open_count_t7,5)))",event_curve,event_factor,limit_up_close_not_open_count_t7,True,phase3aa_event_0247_cn_factor_event_curve_0259,event_derived_feature_layer,True,False,blocked_unsafe_known_structure,ordinary continuous primitive consumed sparse event or discrete state field,limit_up_close_not_open_count_t7,Mean,EventCount|EventAge|EventTransition|StateDwell|WindowStateCount,phase3ce1_typed_primitive_gate_v1_20260618,phase3ce1_g2_input_gate_smoke,g2_selector_input_smoke,mature_g2_candidate,blocked_unsafe_known_structure,reject,upstream typed gate already rejected row
cn_factor_event_curve_0260,"CSRank(Sub(Mean($limit_up_close_not_open_count_t7,3),Mean($limit_up_close_not_open_count_t7,10)))",event_curve,event_factor,limit_up_close_not_open_count_t7,True,phase3aa_event_0248_cn_factor_event_curve_0260,event_derived_feature_layer,True,False,blocked_unsafe_known_structure,ordinary continuous primitive consumed sparse event or discrete state field,limit_up_close_not_open_count_t7,Mean,EventCount|EventAge|EventTransition|StateDwell|WindowStateCount,phase3ce1_typed_primitive_gate_v1_20260618,phase3ce1_g2_input_gate_smoke,g2_selector_input_smoke,mature_g2_candidate,blocked_unsafe_known_structure,reject,upstream typed gate already rejected row
cn_factor_event_curve_0261,"CSRank(Sub(Mean($limit_up_close_not_open_count_t7,5),Mean($limit_up_close_not_open_count_t7,20)))",event_curve,event_factor,limit_up_close_not_open_count_t7,True,phase3aa_event_0249_cn_factor_event_curve_0261,event_derived_feature_layer,True,False,blocked_unsafe_known_structure,ordinary continuous primitive consumed sparse event or discrete state field,limit_up_close_not_open_count_t7,Mean,EventCount|EventAge|EventTransition|StateDwell|WindowStateCount,phase3ce1_typed_primitive_gate_v1_20260618,phase3ce1_g2_input_gate_smoke,g2_selector_input_smoke,mature_g2_candidate,blocked_unsafe_known_structure,reject,upstream typed gate already rejected row
cn_factor_event_curve_0262,"CSRank(Sub(Mean($limit_up_close_not_open_count_t8,2),Mean($limit_up_close_not_open_count_t8,5)))",event_curve,event_factor,limit_up_close_not_open_count_t8,True,phase3aa_event_0250_cn_factor_event_curve_0262,event_derived_feature_layer,True,False,blocked_unsafe_known_structure,ordinary continuous primitive consumed sparse event or discrete state field,limit_up_close_not_open_count_t8,Mean,EventCount|EventAge|EventTransition|StateDwell|WindowStateCount,phase3ce1_typed_primitive_gate_v1_20260618,phase3ce1_g2_input_gate_smoke,g2_selector_input_smoke,mature_g2_candidate,blocked_unsafe_known_structure,reject,upstream typed gate already rejected row
cn_factor_event_curve_0263,"CSRank(Sub(Mean($limit_up_close_not_open_count_t8,3),Mean($limit_up_close_not_open_count_t8,10)))",event_curve,event_factor,limit_up_close_not_open_count_t8,True,phase3aa_event_0251_cn_factor_event_curve_0263,event_derived_feature_layer,True,False,blocked_unsafe_known_structure,ordinary continuous primitive consumed sparse event or discrete state field,limit_up_close_not_open_count_t8,Mean,EventCount|EventAge|EventTransition|StateDwell|WindowStateCount,phase3ce1_typed_primitive_gate_v1_20260618,phase3ce1_g2_input_gate_smoke,g2_selector_input_smoke,mature_g2_candidate,blocked_unsafe_known_structure,reject,upstream typed gate already rejected row
cn_factor_event_curve_0264,"CSRank(Sub(Mean($limit_up_close_not_open_count_t8,5),Mean($limit_up_close_not_open_count_t8,20)))",event_curve,event_factor,limit_up_close_not_open_count_t8,True,phase3aa_event_0252_cn_factor_event_curve_0264,event_derived_feature_layer,True,False,blocked_unsafe_known_structure,ordinary continuous primitive consumed sparse event or discrete state field,limit_up_close_not_open_count_t8,Mean,EventCount|EventAge|EventTransition|StateDwell|WindowStateCount,phase3ce1_typed_primitive_gate_v1_20260618,phase3ce1_g2_input_gate_smoke,g2_selector_input_smoke,mature_g2_candidate,blocked_unsafe_known_structure,reject,upstream typed gate already rejected row
cn_factor_event_curve_0265,"CSRank(Sub(Mean($limit_up_close_not_open_count_t9,2),Mean($limit_up_close_not_open_count_t9,5)))",event_curve,event_factor,limit_up_close_not_open_count_t9,True,phase3aa_event_0253_cn_factor_event_curve_0265,event_derived_feature_layer,True,False,blocked_unsafe_known_structure,ordinary continuous primitive consumed sparse event or discrete state field,limit_up_close_not_open_count_t9,Mean,EventCount|EventAge|EventTransition|StateDwell|WindowStateCount,phase3ce1_typed_primitive_gate_v1_20260618,phase3ce1_g2_input_gate_smoke,g2_selector_input_smoke,mature_g2_candidate,blocked_unsafe_known_structure,reject,upstream typed gate already rejected row
cn_factor_event_curve_0266,"CSRank(Sub(Mean($limit_up_close_not_open_count_t9,3),Mean($limit_up_close_not_open_count_t9,10)))",event_curve,event_factor,limit_up_close_not_open_count_t9,True,phase3aa_event_0254_cn_factor_event_curve_0266,event_derived_feature_layer,True,False,blocked_unsafe_known_structure,ordinary continuous primitive consumed sparse event or discrete state field,limit_up_close_not_open_count_t9,Mean,EventCount|EventAge|EventTransition|StateDwell|WindowStateCount,phase3ce1_typed_primitive_gate_v1_20260618,phase3ce1_g2_input_gate_smoke,g2_selector_input_smoke,mature_g2_candidate,blocked_unsafe_known_structure,reject,upstream typed gate already rejected row
cn_factor_event_curve_0267,"CSRank(Sub(Mean($limit_up_close_not_open_count_t9,5),Mean($limit_up_close_not_open_count_t9,20)))",event_curve,event_factor,limit_up_close_not_open_count_t9,True,phase3aa_event_0255_cn_factor_event_curve_0267,event_derived_feature_layer,True,False,blocked_unsafe_known_structure,ordinary continuous primitive consumed sparse event or discrete state field,limit_up_close_not_open_count_t9,Mean,EventCount|EventAge|EventTransition|StateDwell|WindowStateCount,phase3ce1_typed_primitive_gate_v1_20260618,phase3ce1_g2_input_gate_smoke,g2_selector_input_smoke,mature_g2_candidate,blocked_unsafe_known_structure,reject,upstream typed gate already rejected row
cn_factor_event_curve_0268,"CSRank(Sub(Mean($limit_up_open_not_close_count_t10,2),Mean($limit_up_open_not_close_count_t10,5)))",event_curve,event_factor,limit_up_open_not_close_count_t10,True,phase3aa_event_0256_cn_factor_event_curve_0268,event_derived_feature_layer,True,False,blocked_unsafe_known_structure,ordinary continuous primitive consumed sparse event or discrete state field,limit_up_open_not_close_count_t10,Mean,EventCount|EventAge|EventTransition|StateDwell|WindowStateCount,phase3ce1_typed_primitive_gate_v1_20260618,phase3ce1_g2_input_gate_smoke,g2_selector_input_smoke,mature_g2_candidate,blocked_unsafe_known_structure,reject,upstream typed gate already rejected row
cn_factor_event_curve_0269,"CSRank(Sub(Mean($limit_up_open_not_close_count_t10,3),Mean($limit_up_open_not_close_count_t10,10)))",event_curve,event_factor,limit_up_open_not_close_count_t10,True,phase3aa_event_0257_cn_factor_event_curve_0269,event_derived_feature_layer,True,False,blocked_unsafe_known_structure,ordinary continuous primitive consumed sparse event or discrete state field,limit_up_open_not_close_count_t10,Mean,EventCount|EventAge|EventTransition|StateDwell|WindowStateCount,phase3ce1_typed_primitive_gate_v1_20260618,phase3ce1_g2_input_gate_smoke,g2_selector_input_smoke,mature_g2_candidate,blocked_unsafe_known_structure,reject,upstream typed gate already rejected row
cn_factor_event_curve_0270,"CSRank(Sub(Mean($limit_up_open_not_close_count_t10,5),Mean($limit_up_open_not_close_count_t10,20)))",event_curve,event_factor,limit_up_open_not_close_count_t10,True,phase3aa_event_0258_cn_factor_event_curve_0270,event_derived_feature_layer,True,False,blocked_unsafe_known_structure,ordinary continuous primitive consumed sparse event or discrete state field,limit_up_open_not_close_count_t10,Mean,EventCount|EventAge|EventTransition|StateDwell|WindowStateCount,phase3ce1_typed_primitive_gate_v1_20260618,phase3ce1_g2_input_gate_smoke,g2_selector_input_smoke,mature_g2_candidate,blocked_unsafe_known_structure,reject,upstream typed gate already rejected row
cn_factor_event_curve_0271,"CSRank(Sub(Mean($limit_up_open_not_close_count_t2,2),Mean($limit_up_open_not_close_count_t2,5)))",event_curve,event_factor,limit_up_open_not_close_count_t2,True,phase3aa_event_0259_cn_factor_event_curve_0271,event_derived_feature_layer,True,False,blocked_unsafe_known_structure,ordinary continuous primitive consumed sparse event or discrete state field,limit_up_open_not_close_count_t2,Mean,EventCount|EventAge|EventTransition|StateDwell|WindowStateCount,phase3ce1_typed_primitive_gate_v1_20260618,phase3ce1_g2_input_gate_smoke,g2_selector_input_smoke,mature_g2_candidate,blocked_unsafe_known_structure,reject,upstream typed gate already rejected row
cn_factor_event_curve_0272,"CSRank(Sub(Mean($limit_up_open_not_close_count_t2,3),Mean($limit_up_open_not_close_count_t2,10)))",event_curve,event_factor,limit_up_open_not_close_count_t2,True,phase3aa_event_0260_cn_factor_event_curve_0272,event_derived_feature_layer,True,False,blocked_unsafe_known_structure,ordinary continuous primitive consumed sparse event or discrete state field,limit_up_open_not_close_count_t2,Mean,EventCount|EventAge|EventTransition|StateDwell|WindowStateCount,phase3ce1_typed_primitive_gate_v1_20260618,phase3ce1_g2_input_gate_smoke,g2_selector_input_smoke,mature_g2_candidate,blocked_unsafe_known_structure,reject,upstream typed gate already rejected row
cn_factor_event_curve_0273,"CSRank(Sub(Mean($limit_up_open_not_close_count_t2,5),Mean($limit_up_open_not_close_count_t2,20)))",event_curve,event_factor,limit_up_open_not_close_count_t2,True,phase3aa_event_0261_cn_factor_event_curve_0273,event_derived_feature_layer,True,False,blocked_unsafe_known_structure,ordinary continuous primitive consumed sparse event or discrete state field,limit_up_open_not_close_count_t2,Mean,EventCount|EventAge|EventTransition|StateDwell|WindowStateCount,phase3ce1_typed_primitive_gate_v1_20260618,phase3ce1_g2_input_gate_smoke,g2_selector_input_smoke,mature_g2_candidate,blocked_unsafe_known_structure,reject,upstream typed gate already rejected row
cn_factor_event_curve_0274,"CSRank(Sub(Mean($limit_up_open_not_close_count_t3,2),Mean($limit_up_open_not_close_count_t3,5)))",event_curve,event_factor,limit_up_open_not_close_count_t3,True,phase3aa_event_0262_cn_factor_event_curve_0274,event_derived_feature_layer,True,False,blocked_unsafe_known_structure,ordinary continuous primitive consumed sparse event or discrete state field,limit_up_open_not_close_count_t3,Mean,EventCount|EventAge|EventTransition|StateDwell|WindowStateCount,phase3ce1_typed_primitive_gate_v1_20260618,phase3ce1_g2_input_gate_smoke,g2_selector_input_smoke,mature_g2_candidate,blocked_unsafe_known_structure,reject,upstream typed gate already rejected row
cn_factor_event_curve_0275,"CSRank(Sub(Mean($limit_up_open_not_close_count_t3,3),Mean($limit_up_open_not_close_count_t3,10)))",event_curve,event_factor,limit_up_open_not_close_count_t3,True,phase3aa_event_0263_cn_factor_event_curve_0275,event_derived_feature_layer,True,False,blocked_unsafe_known_structure,ordinary continuous primitive consumed sparse event or discrete state field,limit_up_open_not_close_count_t3,Mean,EventCount|EventAge|EventTransition|StateDwell|WindowStateCount,phase3ce1_typed_primitive_gate_v1_20260618,phase3ce1_g2_input_gate_smoke,g2_selector_input_smoke,mature_g2_candidate,blocked_unsafe_known_structure,reject,upstream typed gate already rejected row
cn_factor_event_curve_0276,"CSRank(Sub(Mean($limit_up_open_not_close_count_t3,5),Mean($limit_up_open_not_close_count_t3,20)))",event_curve,event_factor,limit_up_open_not_close_count_t3,True,phase3aa_event_0264_cn_factor_event_curve_0276,event_derived_feature_layer,True,False,blocked_unsafe_known_structure,ordinary continuous primitive consumed sparse event or discrete state field,limit_up_open_not_close_count_t3,Mean,EventCount|EventAge|EventTransition|StateDwell|WindowStateCount,phase3ce1_typed_primitive_gate_v1_20260618,phase3ce1_g2_input_gate_smoke,g2_selector_input_smoke,mature_g2_candidate,blocked_unsafe_known_structure,reject,upstream typed gate already rejected row
cn_factor_event_curve_0277,"CSRank(Sub(Mean($limit_up_open_not_close_count_t4,2),Mean($limit_up_open_not_close_count_t4,5)))",event_curve,event_factor,limit_up_open_not_close_count_t4,True,phase3aa_event_0265_cn_factor_event_curve_0277,event_derived_feature_layer,True,False,blocked_unsafe_known_structure,ordinary continuous primitive consumed sparse event or discrete state field,limit_up_open_not_close_count_t4,Mean,EventCount|EventAge|EventTransition|StateDwell|WindowStateCount,phase3ce1_typed_primitive_gate_v1_20260618,phase3ce1_g2_input_gate_smoke,g2_selector_input_smoke,mature_g2_candidate,blocked_unsafe_known_structure,reject,upstream typed gate already rejected row
cn_factor_event_curve_0278,"CSRank(Sub(Mean($limit_up_open_not_close_count_t4,3),Mean($limit_up_open_not_close_count_t4,10)))",event_curve,event_factor,limit_up_open_not_close_count_t4,True,phase3aa_event_0266_cn_factor_event_curve_0278,event_derived_feature_layer,True,False,blocked_unsafe_known_structure,ordinary continuous primitive consumed sparse event or discrete state field,limit_up_open_not_close_count_t4,Mean,EventCount|EventAge|EventTransition|StateDwell|WindowStateCount,phase3ce1_typed_primitive_gate_v1_20260618,phase3ce1_g2_input_gate_smoke,g2_selector_input_smoke,mature_g2_candidate,blocked_unsafe_known_structure,reject,upstream typed gate already rejected row
cn_factor_event_curve_0279,"CSRank(Sub(Mean($limit_up_open_not_close_count_t4,5),Mean($limit_up_open_not_close_count_t4,20)))",event_curve,event_factor,limit_up_open_not_close_count_t4,True,phase3aa_event_0267_cn_factor_event_curve_0279,event_derived_feature_layer,True,False,blocked_unsafe_known_structure,ordinary continuous primitive consumed sparse event or discrete state field,limit_up_open_not_close_count_t4,Mean,EventCount|EventAge|EventTransition|StateDwell|WindowStateCount,phase3ce1_typed_primitive_gate_v1_20260618,phase3ce1_g2_input_gate_smoke,g2_selector_input_smoke,mature_g2_candidate,blocked_unsafe_known_structure,reject,upstream typed gate already rejected row
cn_factor_event_curve_0280,"CSRank(Sub(Mean($limit_up_open_not_close_count_t5,2),Mean($limit_up_open_not_close_count_t5,5)))",event_curve,event_factor,limit_up_open_not_close_count_t5,True,phase3aa_event_0268_cn_factor_event_curve_0280,event_derived_feature_layer,True,False,blocked_unsafe_known_structure,ordinary continuous primitive consumed sparse event or discrete state field,limit_up_open_not_close_count_t5,Mean,EventCount|EventAge|EventTransition|StateDwell|WindowStateCount,phase3ce1_typed_primitive_gate_v1_20260618,phase3ce1_g2_input_gate_smoke,g2_selector_input_smoke,mature_g2_candidate,blocked_unsafe_known_structure,reject,upstream typed gate already rejected row
cn_factor_event_curve_0281,"CSRank(Sub(Mean($limit_up_open_not_close_count_t5,3),Mean($limit_up_open_not_close_count_t5,10)))",event_curve,event_factor,limit_up_open_not_close_count_t5,True,phase3aa_event_0269_cn_factor_event_curve_0281,event_derived_feature_layer,True,False,blocked_unsafe_known_structure,ordinary continuous primitive consumed sparse event or discrete state field,limit_up_open_not_close_count_t5,Mean,EventCount|EventAge|EventTransition|StateDwell|WindowStateCount,phase3ce1_typed_primitive_gate_v1_20260618,phase3ce1_g2_input_gate_smoke,g2_selector_input_smoke,mature_g2_candidate,blocked_unsafe_known_structure,reject,upstream typed gate already rejected row
cn_factor_event_curve_0282,"CSRank(Sub(Mean($limit_up_open_not_close_count_t5,5),Mean($limit_up_open_not_close_count_t5,20)))",event_curve,event_factor,limit_up_open_not_close_count_t5,True,phase3aa_event_0270_cn_factor_event_curve_0282,event_derived_feature_layer,True,False,blocked_unsafe_known_structure,ordinary continuous primitive consumed sparse event or discrete state field,limit_up_open_not_close_count_t5,Mean,EventCount|EventAge|EventTransition|StateDwell|WindowStateCount,phase3ce1_typed_primitive_gate_v1_20260618,phase3ce1_g2_input_gate_smoke,g2_selector_input_smoke,mature_g2_candidate,blocked_unsafe_known_structure,reject,upstream typed gate already rejected row
cn_factor_event_curve_0283,"CSRank(Sub(Mean($limit_up_open_not_close_count_t6,2),Mean($limit_up_open_not_close_count_t6,5)))",event_curve,event_factor,limit_up_open_not_close_count_t6,True,phase3aa_event_0271_cn_factor_event_curve_0283,event_derived_feature_layer,True,False,blocked_unsafe_known_structure,ordinary continuous primitive consumed sparse event or discrete state field,limit_up_open_not_close_count_t6,Mean,EventCount|EventAge|EventTransition|StateDwell|WindowStateCount,phase3ce1_typed_primitive_gate_v1_20260618,phase3ce1_g2_input_gate_smoke,g2_selector_input_smoke,mature_g2_candidate,blocked_unsafe_known_structure,reject,upstream typed gate already rejected row
cn_factor_event_curve_0284,"CSRank(Sub(Mean($limit_up_open_not_close_count_t6,3),Mean($limit_up_open_not_close_count_t6,10)))",event_curve,event_factor,limit_up_open_not_close_count_t6,True,phase3aa_event_0272_cn_factor_event_curve_0284,event_derived_feature_layer,True,False,blocked_unsafe_known_structure,ordinary continuous primitive consumed sparse event or discrete state field,limit_up_open_not_close_count_t6,Mean,EventCount|EventAge|EventTransition|StateDwell|WindowStateCount,phase3ce1_typed_primitive_gate_v1_20260618,phase3ce1_g2_input_gate_smoke,g2_selector_input_smoke,mature_g2_candidate,blocked_unsafe_known_structure,reject,upstream typed gate already rejected row
cn_factor_event_curve_0285,"CSRank(Sub(Mean($limit_up_open_not_close_count_t6,5),Mean($limit_up_open_not_close_count_t6,20)))",event_curve,event_factor,limit_up_open_not_close_count_t6,True,phase3aa_event_0273_cn_factor_event_curve_0285,event_derived_feature_layer,True,False,blocked_unsafe_known_structure,ordinary continuous primitive consumed sparse event or discrete state field,limit_up_open_not_close_count_t6,Mean,EventCount|EventAge|EventTransition|StateDwell|WindowStateCount,phase3ce1_typed_primitive_gate_v1_20260618,phase3ce1_g2_input_gate_smoke,g2_selector_input_smoke,mature_g2_candidate,blocked_unsafe_known_structure,reject,upstream typed gate already rejected row
cn_factor_event_curve_0286,"CSRank(Sub(Mean($limit_up_open_not_close_count_t7,2),Mean($limit_up_open_not_close_count_t7,5)))",event_curve,event_factor,limit_up_open_not_close_count_t7,True,phase3aa_event_0274_cn_factor_event_curve_0286,event_derived_feature_layer,True,False,blocked_unsafe_known_structure,ordinary continuous primitive consumed sparse event or discrete state field,limit_up_open_not_close_count_t7,Mean,EventCount|EventAge|EventTransition|StateDwell|WindowStateCount,phase3ce1_typed_primitive_gate_v1_20260618,phase3ce1_g2_input_gate_smoke,g2_selector_input_smoke,mature_g2_candidate,blocked_unsafe_known_structure,reject,upstream typed gate already rejected row
cn_factor_event_curve_0287,"CSRank(Sub(Mean($limit_up_open_not_close_count_t7,3),Mean($limit_up_open_not_close_count_t7,10)))",event_curve,event_factor,limit_up_open_not_close_count_t7,True,phase3aa_event_0275_cn_factor_event_curve_0287,event_derived_feature_layer,True,False,blocked_unsafe_known_structure,ordinary continuous primitive consumed sparse event or discrete state field,limit_up_open_not_close_count_t7,Mean,EventCount|EventAge|EventTransition|StateDwell|WindowStateCount,phase3ce1_typed_primitive_gate_v1_20260618,phase3ce1_g2_input_gate_smoke,g2_selector_input_smoke,mature_g2_candidate,blocked_unsafe_known_structure,reject,upstream typed gate already rejected row
cn_factor_event_curve_0288,"CSRank(Sub(Mean($limit_up_open_not_close_count_t7,5),Mean($limit_up_open_not_close_count_t7,20)))",event_curve,event_factor,limit_up_open_not_close_count_t7,True,phase3aa_event_0276_cn_factor_event_curve_0288,event_derived_feature_layer,True,False,blocked_unsafe_known_structure,ordinary continuous primitive consumed sparse event or discrete state field,limit_up_open_not_close_count_t7,Mean,EventCount|EventAge|EventTransition|StateDwell|WindowStateCount,phase3ce1_typed_primitive_gate_v1_20260618,phase3ce1_g2_input_gate_smoke,g2_selector_input_smoke,mature_g2_candidate,blocked_unsafe_known_structure,reject,upstream typed gate already rejected row
cn_factor_event_curve_0289,"CSRank(Sub(Mean($limit_up_open_not_close_count_t8,2),Mean($limit_up_open_not_close_count_t8,5)))",event_curve,event_factor,limit_up_open_not_close_count_t8,True,phase3aa_event_0277_cn_factor_event_curve_0289,event_derived_feature_layer,True,False,blocked_unsafe_known_structure,ordinary continuous primitive consumed sparse event or discrete state field,limit_up_open_not_close_count_t8,Mean,EventCount|EventAge|EventTransition|StateDwell|WindowStateCount,phase3ce1_typed_primitive_gate_v1_20260618,phase3ce1_g2_input_gate_smoke,g2_selector_input_smoke,mature_g2_candidate,blocked_unsafe_known_structure,reject,upstream typed gate already rejected row
cn_factor_event_curve_0290,"CSRank(Sub(Mean($limit_up_open_not_close_count_t8,3),Mean($limit_up_open_not_close_count_t8,10)))",event_curve,event_factor,limit_up_open_not_close_count_t8,True,phase3aa_event_0278_cn_factor_event_curve_0290,event_derived_feature_layer,True,False,blocked_unsafe_known_structure,ordinary continuous primitive consumed sparse event or discrete state field,limit_up_open_not_close_count_t8,Mean,EventCount|EventAge|EventTransition|StateDwell|WindowStateCount,phase3ce1_typed_primitive_gate_v1_20260618,phase3ce1_g2_input_gate_smoke,g2_selector_input_smoke,mature_g2_candidate,blocked_unsafe_known_structure,reject,upstream typed gate already rejected row
cn_factor_event_curve_0291,"CSRank(Sub(Mean($limit_up_open_not_close_count_t8,5),Mean($limit_up_open_not_close_count_t8,20)))",event_curve,event_factor,limit_up_open_not_close_count_t8,True,phase3aa_event_0279_cn_factor_event_curve_0291,event_derived_feature_layer,True,False,blocked_unsafe_known_structure,ordinary continuous primitive consumed sparse event or discrete state field,limit_up_open_not_close_count_t8,Mean,EventCount|EventAge|EventTransition|StateDwell|WindowStateCount,phase3ce1_typed_primitive_gate_v1_20260618,phase3ce1_g2_input_gate_smoke,g2_selector_input_smoke,mature_g2_candidate,blocked_unsafe_known_structure,reject,upstream typed gate already rejected row
cn_factor_event_curve_0292,"CSRank(Sub(Mean($limit_up_open_not_close_count_t9,2),Mean($limit_up_open_not_close_count_t9,5)))",event_curve,event_factor,limit_up_open_not_close_count_t9,True,phase3aa_event_0280_cn_factor_event_curve_0292,event_derived_feature_layer,True,False,blocked_unsafe_known_structure,ordinary continuous primitive consumed sparse event or discrete state field,limit_up_open_not_close_count_t9,Mean,EventCount|EventAge|EventTransition|StateDwell|WindowStateCount,phase3ce1_typed_primitive_gate_v1_20260618,phase3ce1_g2_input_gate_smoke,g2_selector_input_smoke,mature_g2_candidate,blocked_unsafe_known_structure,reject,upstream typed gate already rejected row
cn_factor_event_curve_0293,"CSRank(Sub(Mean($limit_up_open_not_close_count_t9,3),Mean($limit_up_open_not_close_count_t9,10)))",event_curve,event_factor,limit_up_open_not_close_count_t9,True,phase3aa_event_0281_cn_factor_event_curve_0293,event_derived_feature_layer,True,False,blocked_unsafe_known_structure,ordinary continuous primitive consumed sparse event or discrete state field,limit_up_open_not_close_count_t9,Mean,EventCount|EventAge|EventTransition|StateDwell|WindowStateCount,phase3ce1_typed_primitive_gate_v1_20260618,phase3ce1_g2_input_gate_smoke,g2_selector_input_smoke,mature_g2_candidate,blocked_unsafe_known_structure,reject,upstream typed gate already rejected row
cn_factor_event_curve_0294,"CSRank(Sub(Mean($limit_up_open_not_close_count_t9,5),Mean($limit_up_open_not_close_count_t9,20)))",event_curve,event_factor,limit_up_open_not_close_count_t9,True,phase3aa_event_0282_cn_factor_event_curve_0294,event_derived_feature_layer,True,False,blocked_unsafe_known_structure,ordinary continuous primitive consumed sparse event or discrete state field,limit_up_open_not_close_count_t9,Mean,EventCount|EventAge|EventTransition|StateDwell|WindowStateCount,phase3ce1_typed_primitive_gate_v1_20260618,phase3ce1_g2_input_gate_smoke,g2_selector_input_smoke,mature_g2_candidate,blocked_unsafe_known_structure,reject,upstream typed gate already rejected row
cn_factor_event_curve_0295,"CSRank(Sub(Mean($limit_up_touch_not_close_count_t10,2),Mean($limit_up_touch_not_close_count_t10,5)))",event_curve,event_factor,limit_up_touch_not_close_count_t10,True,phase3aa_event_0283_cn_factor_event_curve_0295,event_derived_feature_layer,True,False,blocked_unsafe_known_structure,ordinary continuous primitive consumed sparse event or discrete state field,limit_up_touch_not_close_count_t10,Mean,EventCount|EventAge|EventTransition|StateDwell|WindowStateCount,phase3ce1_typed_primitive_gate_v1_20260618,phase3ce1_g2_input_gate_smoke,g2_selector_input_smoke,mature_g2_candidate,blocked_unsafe_known_structure,reject,upstream typed gate already rejected row
cn_factor_event_curve_0296,"CSRank(Sub(Mean($limit_up_touch_not_close_count_t10,3),Mean($limit_up_touch_not_close_count_t10,10)))",event_curve,event_factor,limit_up_touch_not_close_count_t10,True,phase3aa_event_0284_cn_factor_event_curve_0296,event_derived_feature_layer,True,False,blocked_unsafe_known_structure,ordinary continuous primitive consumed sparse event or discrete state field,limit_up_touch_not_close_count_t10,Mean,EventCount|EventAge|EventTransition|StateDwell|WindowStateCount,phase3ce1_typed_primitive_gate_v1_20260618,phase3ce1_g2_input_gate_smoke,g2_selector_input_smoke,mature_g2_candidate,blocked_unsafe_known_structure,reject,upstream typed gate already rejected row
cn_factor_event_curve_0297,"CSRank(Sub(Mean($limit_up_touch_not_close_count_t10,5),Mean($limit_up_touch_not_close_count_t10,20)))",event_curve,event_factor,limit_up_touch_not_close_count_t10,True,phase3aa_event_0285_cn_factor_event_curve_0297,event_derived_feature_layer,True,False,blocked_unsafe_known_structure,ordinary continuous primitive consumed sparse event or discrete state field,limit_up_touch_not_close_count_t10,Mean,EventCount|EventAge|EventTransition|StateDwell|WindowStateCount,phase3ce1_typed_primitive_gate_v1_20260618,phase3ce1_g2_input_gate_smoke,g2_selector_input_smoke,mature_g2_candidate,blocked_unsafe_known_structure,reject,upstream typed gate already rejected row
cn_factor_event_curve_0298,"CSRank(Sub(Mean($limit_up_touch_not_close_count_t2,2),Mean($limit_up_touch_not_close_count_t2,5)))",event_curve,event_factor,limit_up_touch_not_close_count_t2,True,phase3aa_event_0286_cn_factor_event_curve_0298,event_derived_feature_layer,True,False,blocked_unsafe_known_structure,ordinary continuous primitive consumed sparse event or discrete state field,limit_up_touch_not_close_count_t2,Mean,EventCount|EventAge|EventTransition|StateDwell|WindowStateCount,phase3ce1_typed_primitive_gate_v1_20260618,phase3ce1_g2_input_gate_smoke,g2_selector_input_smoke,mature_g2_candidate,blocked_unsafe_known_structure,reject,upstream typed gate already rejected row
cn_factor_event_curve_0299,"CSRank(Sub(Mean($limit_up_touch_not_close_count_t2,3),Mean($limit_up_touch_not_close_count_t2,10)))",event_curve,event_factor,limit_up_touch_not_close_count_t2,True,phase3aa_event_0287_cn_factor_event_curve_0299,event_derived_feature_layer,True,False,blocked_unsafe_known_structure,ordinary continuous primitive consumed sparse event or discrete state field,limit_up_touch_not_close_count_t2,Mean,EventCount|EventAge|EventTransition|StateDwell|WindowStateCount,phase3ce1_typed_primitive_gate_v1_20260618,phase3ce1_g2_input_gate_smoke,g2_selector_input_smoke,mature_g2_candidate,blocked_unsafe_known_structure,reject,upstream typed gate already rejected row
cn_factor_event_curve_0300,"CSRank(Sub(Mean($limit_up_touch_not_close_count_t2,5),Mean($limit_up_touch_not_close_count_t2,20)))",event_curve,event_factor,limit_up_touch_not_close_count_t2,True,phase3aa_event_0288_cn_factor_event_curve_0300,event_derived_feature_layer,True,False,blocked_unsafe_known_structure,ordinary continuous primitive consumed sparse event or discrete state field,limit_up_touch_not_close_count_t2,Mean,EventCount|EventAge|EventTransition|StateDwell|WindowStateCount,phase3ce1_typed_primitive_gate_v1_20260618,phase3ce1_g2_input_gate_smoke,g2_selector_input_smoke,mature_g2_candidate,blocked_unsafe_known_structure,reject,upstream typed gate already rejected row
cn_factor_event_curve_0301,"CSRank(Sub(Mean($limit_up_touch_not_close_count_t3,2),Mean($limit_up_touch_not_close_count_t3,5)))",event_curve,event_factor,limit_up_touch_not_close_count_t3,True,phase3aa_event_0289_cn_factor_event_curve_0301,event_derived_feature_layer,True,False,blocked_unsafe_known_structure,ordinary continuous primitive consumed sparse event or discrete state field,limit_up_touch_not_close_count_t3,Mean,EventCount|EventAge|EventTransition|StateDwell|WindowStateCount,phase3ce1_typed_primitive_gate_v1_20260618,phase3ce1_g2_input_gate_smoke,g2_selector_input_smoke,mature_g2_candidate,blocked_unsafe_known_structure,reject,upstream typed gate already rejected row
cn_factor_event_curve_0302,"CSRank(Sub(Mean($limit_up_touch_not_close_count_t3,3),Mean($limit_up_touch_not_close_count_t3,10)))",event_curve,event_factor,limit_up_touch_not_close_count_t3,True,phase3aa_event_0290_cn_factor_event_curve_0302,event_derived_feature_layer,True,False,blocked_unsafe_known_structure,ordinary continuous primitive consumed sparse event or discrete state field,limit_up_touch_not_close_count_t3,Mean,EventCount|EventAge|EventTransition|StateDwell|WindowStateCount,phase3ce1_typed_primitive_gate_v1_20260618,phase3ce1_g2_input_gate_smoke,g2_selector_input_smoke,mature_g2_candidate,blocked_unsafe_known_structure,reject,upstream typed gate already rejected row
cn_factor_event_curve_0303,"CSRank(Sub(Mean($limit_up_touch_not_close_count_t3,5),Mean($limit_up_touch_not_close_count_t3,20)))",event_curve,event_factor,limit_up_touch_not_close_count_t3,True,phase3aa_event_0291_cn_factor_event_curve_0303,event_derived_feature_layer,True,False,blocked_unsafe_known_structure,ordinary continuous primitive consumed sparse event or discrete state field,limit_up_touch_not_close_count_t3,Mean,EventCount|EventAge|EventTransition|StateDwell|WindowStateCount,phase3ce1_typed_primitive_gate_v1_20260618,phase3ce1_g2_input_gate_smoke,g2_selector_input_smoke,mature_g2_candidate,blocked_unsafe_known_structure,reject,upstream typed gate already rejected row
cn_factor_event_curve_0304,"CSRank(Sub(Mean($limit_up_touch_not_close_count_t4,2),Mean($limit_up_touch_not_close_count_t4,5)))",event_curve,event_factor,limit_up_touch_not_close_count_t4,True,phase3aa_event_0292_cn_factor_event_curve_0304,event_derived_feature_layer,True,False,blocked_unsafe_known_structure,ordinary continuous primitive consumed sparse event or discrete state field,limit_up_touch_not_close_count_t4,Mean,EventCount|EventAge|EventTransition|StateDwell|WindowStateCount,phase3ce1_typed_primitive_gate_v1_20260618,phase3ce1_g2_input_gate_smoke,g2_selector_input_smoke,mature_g2_candidate,blocked_unsafe_known_structure,reject,upstream typed gate already rejected row
cn_factor_event_curve_0305,"CSRank(Sub(Mean($limit_up_touch_not_close_count_t4,3),Mean($limit_up_touch_not_close_count_t4,10)))",event_curve,event_factor,limit_up_touch_not_close_count_t4,True,phase3aa_event_0293_cn_factor_event_curve_0305,event_derived_feature_layer,True,False,blocked_unsafe_known_structure,ordinary continuous primitive consumed sparse event or discrete state field,limit_up_touch_not_close_count_t4,Mean,EventCount|EventAge|EventTransition|StateDwell|WindowStateCount,phase3ce1_typed_primitive_gate_v1_20260618,phase3ce1_g2_input_gate_smoke,g2_selector_input_smoke,mature_g2_candidate,blocked_unsafe_known_structure,reject,upstream typed gate already rejected row
cn_factor_event_curve_0306,"CSRank(Sub(Mean($limit_up_touch_not_close_count_t4,5),Mean($limit_up_touch_not_close_count_t4,20)))",event_curve,event_factor,limit_up_touch_not_close_count_t4,True,phase3aa_event_0294_cn_factor_event_curve_0306,event_derived_feature_layer,True,False,blocked_unsafe_known_structure,ordinary continuous primitive consumed sparse event or discrete state field,limit_up_touch_not_close_count_t4,Mean,EventCount|EventAge|EventTransition|StateDwell|WindowStateCount,phase3ce1_typed_primitive_gate_v1_20260618,phase3ce1_g2_input_gate_smoke,g2_selector_input_smoke,mature_g2_candidate,blocked_unsafe_known_structure,reject,upstream typed gate already rejected row
cn_factor_event_curve_0307,"CSRank(Sub(Mean($limit_up_touch_not_close_count_t5,2),Mean($limit_up_touch_not_close_count_t5,5)))",event_curve,event_factor,limit_up_touch_not_close_count_t5,True,phase3aa_event_0295_cn_factor_event_curve_0307,event_derived_feature_layer,True,False,blocked_unsafe_known_structure,ordinary continuous primitive consumed sparse event or discrete state field,limit_up_touch_not_close_count_t5,Mean,EventCount|EventAge|EventTransition|StateDwell|WindowStateCount,phase3ce1_typed_primitive_gate_v1_20260618,phase3ce1_g2_input_gate_smoke,g2_selector_input_smoke,mature_g2_candidate,blocked_unsafe_known_structure,reject,upstream typed gate already rejected row
cn_factor_event_curve_0308,"CSRank(Sub(Mean($limit_up_touch_not_close_count_t5,3),Mean($limit_up_touch_not_close_count_t5,10)))",event_curve,event_factor,limit_up_touch_not_close_count_t5,True,phase3aa_event_0296_cn_factor_event_curve_0308,event_derived_feature_layer,True,False,blocked_unsafe_known_structure,ordinary continuous primitive consumed sparse event or discrete state field,limit_up_touch_not_close_count_t5,Mean,EventCount|EventAge|EventTransition|StateDwell|WindowStateCount,phase3ce1_typed_primitive_gate_v1_20260618,phase3ce1_g2_input_gate_smoke,g2_selector_input_smoke,mature_g2_candidate,blocked_unsafe_known_structure,reject,upstream typed gate already rejected row
cn_factor_event_curve_0309,"CSRank(Sub(Mean($limit_up_touch_not_close_count_t5,5),Mean($limit_up_touch_not_close_count_t5,20)))",event_curve,event_factor,limit_up_touch_not_close_count_t5,True,phase3aa_event_0297_cn_factor_event_curve_0309,event_derived_feature_layer,True,False,blocked_unsafe_known_structure,ordinary continuous primitive consumed sparse event or discrete state field,limit_up_touch_not_close_count_t5,Mean,EventCount|EventAge|EventTransition|StateDwell|WindowStateCount,phase3ce1_typed_primitive_gate_v1_20260618,phase3ce1_g2_input_gate_smoke,g2_selector_input_smoke,mature_g2_candidate,blocked_unsafe_known_structure,reject,upstream typed gate already rejected row
cn_factor_event_curve_0310,"CSRank(Sub(Mean($limit_up_touch_not_close_count_t6,2),Mean($limit_up_touch_not_close_count_t6,5)))",event_curve,event_factor,limit_up_touch_not_close_count_t6,True,phase3aa_event_0298_cn_factor_event_curve_0310,event_derived_feature_layer,True,False,blocked_unsafe_known_structure,ordinary continuous primitive consumed sparse event or discrete state field,limit_up_touch_not_close_count_t6,Mean,EventCount|EventAge|EventTransition|StateDwell|WindowStateCount,phase3ce1_typed_primitive_gate_v1_20260618,phase3ce1_g2_input_gate_smoke,g2_selector_input_smoke,mature_g2_candidate,blocked_unsafe_known_structure,reject,upstream typed gate already rejected row
cn_factor_event_curve_0311,"CSRank(Sub(Mean($limit_up_touch_not_close_count_t6,3),Mean($limit_up_touch_not_close_count_t6,10)))",event_curve,event_factor,limit_up_touch_not_close_count_t6,True,phase3aa_event_0299_cn_factor_event_curve_0311,event_derived_feature_layer,True,False,blocked_unsafe_known_structure,ordinary continuous primitive consumed sparse event or discrete state field,limit_up_touch_not_close_count_t6,Mean,EventCount|EventAge|EventTransition|StateDwell|WindowStateCount,phase3ce1_typed_primitive_gate_v1_20260618,phase3ce1_g2_input_gate_smoke,g2_selector_input_smoke,mature_g2_candidate,blocked_unsafe_known_structure,reject,upstream typed gate already rejected row
cn_factor_event_curve_0312,"CSRank(Sub(Mean($limit_up_touch_not_close_count_t6,5),Mean($limit_up_touch_not_close_count_t6,20)))",event_curve,event_factor,limit_up_touch_not_close_count_t6,True,phase3aa_event_0300_cn_factor_event_curve_0312,event_derived_feature_layer,True,False,blocked_unsafe_known_structure,ordinary continuous primitive consumed sparse event or discrete state field,limit_up_touch_not_close_count_t6,Mean,EventCount|EventAge|EventTransition|StateDwell|WindowStateCount,phase3ce1_typed_primitive_gate_v1_20260618,phase3ce1_g2_input_gate_smoke,g2_selector_input_smoke,mature_g2_candidate,blocked_unsafe_known_structure,reject,upstream typed gate already rejected row
cn_factor_event_curve_0313,"CSRank(Sub(Mean($limit_up_touch_not_close_count_t7,2),Mean($limit_up_touch_not_close_count_t7,5)))",event_curve,event_factor,limit_up_touch_not_close_count_t7,True,phase3aa_event_0301_cn_factor_event_curve_0313,event_derived_feature_layer,True,False,blocked_unsafe_known_structure,ordinary continuous primitive consumed sparse event or discrete state field,limit_up_touch_not_close_count_t7,Mean,EventCount|EventAge|EventTransition|StateDwell|WindowStateCount,phase3ce1_typed_primitive_gate_v1_20260618,phase3ce1_g2_input_gate_smoke,g2_selector_input_smoke,mature_g2_candidate,blocked_unsafe_known_structure,reject,upstream typed gate already rejected row
cn_factor_event_curve_0314,"CSRank(Sub(Mean($limit_up_touch_not_close_count_t7,3),Mean($limit_up_touch_not_close_count_t7,10)))",event_curve,event_factor,limit_up_touch_not_close_count_t7,True,phase3aa_event_0302_cn_factor_event_curve_0314,event_derived_feature_layer,True,False,blocked_unsafe_known_structure,ordinary continuous primitive consumed sparse event or discrete state field,limit_up_touch_not_close_count_t7,Mean,EventCount|EventAge|EventTransition|StateDwell|WindowStateCount,phase3ce1_typed_primitive_gate_v1_20260618,phase3ce1_g2_input_gate_smoke,g2_selector_input_smoke,mature_g2_candidate,blocked_unsafe_known_structure,reject,upstream typed gate already rejected row
cn_factor_event_curve_0315,"CSRank(Sub(Mean($limit_up_touch_not_close_count_t7,5),Mean($limit_up_touch_not_close_count_t7,20)))",event_curve,event_factor,limit_up_touch_not_close_count_t7,True,phase3aa_event_0303_cn_factor_event_curve_0315,event_derived_feature_layer,True,False,blocked_unsafe_known_structure,ordinary continuous primitive consumed sparse event or discrete state field,limit_up_touch_not_close_count_t7,Mean,EventCount|EventAge|EventTransition|StateDwell|WindowStateCount,phase3ce1_typed_primitive_gate_v1_20260618,phase3ce1_g2_input_gate_smoke,g2_selector_input_smoke,mature_g2_candidate,blocked_unsafe_known_structure,reject,upstream typed gate already rejected row
cn_factor_event_curve_0316,"CSRank(Sub(Mean($limit_up_touch_not_close_count_t8,2),Mean($limit_up_touch_not_close_count_t8,5)))",event_curve,event_factor,limit_up_touch_not_close_count_t8,True,phase3aa_event_0304_cn_factor_event_curve_0316,event_derived_feature_layer,True,False,blocked_unsafe_known_structure,ordinary continuous primitive consumed sparse event or discrete state field,limit_up_touch_not_close_count_t8,Mean,EventCount|EventAge|EventTransition|StateDwell|WindowStateCount,phase3ce1_typed_primitive_gate_v1_20260618,phase3ce1_g2_input_gate_smoke,g2_selector_input_smoke,mature_g2_candidate,blocked_unsafe_known_structure,reject,upstream typed gate already rejected row
cn_factor_event_curve_0317,"CSRank(Sub(Mean($limit_up_touch_not_close_count_t8,3),Mean($limit_up_touch_not_close_count_t8,10)))",event_curve,event_factor,limit_up_touch_not_close_count_t8,True,phase3aa_event_0305_cn_factor_event_curve_0317,event_derived_feature_layer,True,False,blocked_unsafe_known_structure,ordinary continuous primitive consumed sparse event or discrete state field,limit_up_touch_not_close_count_t8,Mean,EventCount|EventAge|EventTransition|StateDwell|WindowStateCount,phase3ce1_typed_primitive_gate_v1_20260618,phase3ce1_g2_input_gate_smoke,g2_selector_input_smoke,mature_g2_candidate,blocked_unsafe_known_structure,reject,upstream typed gate already rejected row
cn_factor_event_curve_0318,"CSRank(Sub(Mean($limit_up_touch_not_close_count_t8,5),Mean($limit_up_touch_not_close_count_t8,20)))",event_curve,event_factor,limit_up_touch_not_close_count_t8,True,phase3aa_event_0306_cn_factor_event_curve_0318,event_derived_feature_layer,True,False,blocked_unsafe_known_structure,ordinary continuous primitive consumed sparse event or discrete state field,limit_up_touch_not_close_count_t8,Mean,EventCount|EventAge|EventTransition|StateDwell|WindowStateCount,phase3ce1_typed_primitive_gate_v1_20260618,phase3ce1_g2_input_gate_smoke,g2_selector_input_smoke,mature_g2_candidate,blocked_unsafe_known_structure,reject,upstream typed gate already rejected row
cn_factor_event_curve_0319,"CSRank(Sub(Mean($limit_up_touch_not_close_count_t9,2),Mean($limit_up_touch_not_close_count_t9,5)))",event_curve,event_factor,limit_up_touch_not_close_count_t9,True,phase3aa_event_0307_cn_factor_event_curve_0319,event_derived_feature_layer,True,False,blocked_unsafe_known_structure,ordinary continuous primitive consumed sparse event or discrete state field,limit_up_touch_not_close_count_t9,Mean,EventCount|EventAge|EventTransition|StateDwell|WindowStateCount,phase3ce1_typed_primitive_gate_v1_20260618,phase3ce1_g2_input_gate_smoke,g2_selector_input_smoke,mature_g2_candidate,blocked_unsafe_known_structure,reject,upstream typed gate already rejected row
cn_factor_event_curve_0320,"CSRank(Sub(Mean($limit_up_touch_not_close_count_t9,3),Mean($limit_up_touch_not_close_count_t9,10)))",event_curve,event_factor,limit_up_touch_not_close_count_t9,True,phase3aa_event_0308_cn_factor_event_curve_0320,event_derived_feature_layer,True,False,blocked_unsafe_known_structure,ordinary continuous primitive consumed sparse event or discrete state field,limit_up_touch_not_close_count_t9,Mean,EventCount|EventAge|EventTransition|StateDwell|WindowStateCount,phase3ce1_typed_primitive_gate_v1_20260618,phase3ce1_g2_input_gate_smoke,g2_selector_input_smoke,mature_g2_candidate,blocked_unsafe_known_structure,reject,upstream typed gate already rejected row
cn_factor_event_curve_0321,"CSRank(Sub(Mean($limit_up_touch_not_close_count_t9,5),Mean($limit_up_touch_not_close_count_t9,20)))",event_curve,event_factor,limit_up_touch_not_close_count_t9,True,phase3aa_event_0309_cn_factor_event_curve_0321,event_derived_feature_layer,True,False,blocked_unsafe_known_structure,ordinary continuous primitive consumed sparse event or discrete state field,limit_up_touch_not_close_count_t9,Mean,EventCount|EventAge|EventTransition|StateDwell|WindowStateCount,phase3ce1_typed_primitive_gate_v1_20260618,phase3ce1_g2_input_gate_smoke,g2_selector_input_smoke,mature_g2_candidate,blocked_unsafe_known_structure,reject,upstream typed gate already rejected row
cn_factor_event_curve_0322,"CSRank(Sub(Mean($break_board_after_streak_ge_1,2),Mean($break_board_after_streak_ge_1,5)))",event_curve,event_factor,break_board_after_streak_ge_1,True,phase3aa_event_0310_cn_factor_event_curve_0322,event_derived_feature_layer,True,False,blocked_unsafe_known_structure,ordinary continuous primitive consumed sparse event or discrete state field,break_board_after_streak_ge_1,Mean,EventCount|EventAge|EventTransition|StateDwell|WindowStateCount,phase3ce1_typed_primitive_gate_v1_20260618,phase3ce1_g2_input_gate_smoke,g2_selector_input_smoke,mature_g2_candidate,blocked_unsafe_known_structure,reject,upstream typed gate already rejected row
cn_factor_event_curve_0323,"CSRank(Sub(Mean($break_board_after_streak_ge_1,3),Mean($break_board_after_streak_ge_1,10)))",event_curve,event_factor,break_board_after_streak_ge_1,True,phase3aa_event_0311_cn_factor_event_curve_0323,event_derived_feature_layer,True,False,blocked_unsafe_known_structure,ordinary continuous primitive consumed sparse event or discrete state field,break_board_after_streak_ge_1,Mean,EventCount|EventAge|EventTransition|StateDwell|WindowStateCount,phase3ce1_typed_primitive_gate_v1_20260618,phase3ce1_g2_input_gate_smoke,g2_selector_input_smoke,mature_g2_candidate,blocked_unsafe_known_structure,reject,upstream typed gate already rejected row
cn_factor_event_curve_0324,"CSRank(Sub(Mean($break_board_after_streak_ge_1,5),Mean($break_board_after_streak_ge_1,20)))",event_curve,event_factor,break_board_after_streak_ge_1,True,phase3aa_event_0312_cn_factor_event_curve_0324,event_derived_feature_layer,True,False,blocked_unsafe_known_structure,ordinary continuous primitive consumed sparse event or discrete state field,break_board_after_streak_ge_1,Mean,EventCount|EventAge|EventTransition|StateDwell|WindowStateCount,phase3ce1_typed_primitive_gate_v1_20260618,phase3ce1_g2_input_gate_smoke,g2_selector_input_smoke,mature_g2_candidate,blocked_unsafe_known_structure,reject,upstream typed gate already rejected row
cn_factor_event_curve_0325,"CSRank(Sub(Mean($break_board_after_streak_ge_10,2),Mean($break_board_after_streak_ge_10,5)))",event_curve,event_factor,break_board_after_streak_ge_10,True,phase3aa_event_0313_cn_factor_event_curve_0325,event_derived_feature_layer,True,False,blocked_unsafe_known_structure,ordinary continuous primitive consumed sparse event or discrete state field,break_board_after_streak_ge_10,Mean,EventCount|EventAge|EventTransition|StateDwell|WindowStateCount,phase3ce1_typed_primitive_gate_v1_20260618,phase3ce1_g2_input_gate_smoke,g2_selector_input_smoke,mature_g2_candidate,blocked_unsafe_known_structure,reject,upstream typed gate already rejected row
cn_factor_event_curve_0326,"CSRank(Sub(Mean($break_board_after_streak_ge_10,3),Mean($break_board_after_streak_ge_10,10)))",event_curve,event_factor,break_board_after_streak_ge_10,True,phase3aa_event_0314_cn_factor_event_curve_0326,event_derived_feature_layer,True,False,blocked_unsafe_known_structure,ordinary continuous primitive consumed sparse event or discrete state field,break_board_after_streak_ge_10,Mean,EventCount|EventAge|EventTransition|StateDwell|WindowStateCount,phase3ce1_typed_primitive_gate_v1_20260618,phase3ce1_g2_input_gate_smoke,g2_selector_input_smoke,mature_g2_candidate,blocked_unsafe_known_structure,reject,upstream typed gate already rejected row
cn_factor_event_curve_0327,"CSRank(Sub(Mean($break_board_after_streak_ge_10,5),Mean($break_board_after_streak_ge_10,20)))",event_curve,event_factor,break_board_after_streak_ge_10,True,phase3aa_event_0315_cn_factor_event_curve_0327,event_derived_feature_layer,True,False,blocked_unsafe_known_structure,ordinary continuous primitive consumed sparse event or discrete state field,break_board_after_streak_ge_10,Mean,EventCount|EventAge|EventTransition|StateDwell|WindowStateCount,phase3ce1_typed_primitive_gate_v1_20260618,phase3ce1_g2_input_gate_smoke,g2_selector_input_smoke,mature_g2_candidate,blocked_unsafe_known_structure,reject,upstream typed gate already rejected row
cn_factor_event_curve_0328,"CSRank(Sub(Mean($break_board_after_streak_ge_2,2),Mean($break_board_after_streak_ge_2,5)))",event_curve,event_factor,break_board_after_streak_ge_2,True,phase3aa_event_0316_cn_factor_event_curve_0328,event_derived_feature_layer,True,False,blocked_unsafe_known_structure,ordinary continuous primitive consumed sparse event or discrete state field,break_board_after_streak_ge_2,Mean,EventCount|EventAge|EventTransition|StateDwell|WindowStateCount,phase3ce1_typed_primitive_gate_v1_20260618,phase3ce1_g2_input_gate_smoke,g2_selector_input_smoke,mature_g2_candidate,blocked_unsafe_known_structure,reject,upstream typed gate already rejected row
cn_factor_event_curve_0329,"CSRank(Sub(Mean($break_board_after_streak_ge_2,3),Mean($break_board_after_streak_ge_2,10)))",event_curve,event_factor,break_board_after_streak_ge_2,True,phase3aa_event_0317_cn_factor_event_curve_0329,event_derived_feature_layer,True,False,blocked_unsafe_known_structure,ordinary continuous primitive consumed sparse event or discrete state field,break_board_after_streak_ge_2,Mean,EventCount|EventAge|EventTransition|StateDwell|WindowStateCount,phase3ce1_typed_primitive_gate_v1_20260618,phase3ce1_g2_input_gate_smoke,g2_selector_input_smoke,mature_g2_candidate,blocked_unsafe_known_structure,reject,upstream typed gate already rejected row
cn_factor_event_curve_0330,"CSRank(Sub(Mean($break_board_after_streak_ge_2,5),Mean($break_board_after_streak_ge_2,20)))",event_curve,event_factor,break_board_after_streak_ge_2,True,phase3aa_event_0318_cn_factor_event_curve_0330,event_derived_feature_layer,True,False,blocked_unsafe_known_structure,ordinary continuous primitive consumed sparse event or discrete state field,break_board_after_streak_ge_2,Mean,EventCount|EventAge|EventTransition|StateDwell|WindowStateCount,phase3ce1_typed_primitive_gate_v1_20260618,phase3ce1_g2_input_gate_smoke,g2_selector_input_smoke,mature_g2_candidate,blocked_unsafe_known_structure,reject,upstream typed gate already rejected row
cn_factor_event_curve_0331,"CSRank(Sub(Mean($break_board_after_streak_ge_3,2),Mean($break_board_after_streak_ge_3,5)))",event_curve,event_factor,break_board_after_streak_ge_3,True,phase3aa_event_0319_cn_factor_event_curve_0331,event_derived_feature_layer,True,False,blocked_unsafe_known_structure,ordinary continuous primitive consumed sparse event or discrete state field,break_board_after_streak_ge_3,Mean,EventCount|EventAge|EventTransition|StateDwell|WindowStateCount,phase3ce1_typed_primitive_gate_v1_20260618,phase3ce1_g2_input_gate_smoke,g2_selector_input_smoke,mature_g2_candidate,blocked_unsafe_known_structure,reject,upstream typed gate already rejected row
cn_factor_event_curve_0332,"CSRank(Sub(Mean($break_board_after_streak_ge_3,3),Mean($break_board_after_streak_ge_3,10)))",event_curve,event_factor,break_board_after_streak_ge_3,True,phase3aa_event_0320_cn_factor_event_curve_0332,event_derived_feature_layer,True,False,blocked_unsafe_known_structure,ordinary continuous primitive consumed sparse event or discrete state field,break_board_after_streak_ge_3,Mean,EventCount|EventAge|EventTransition|StateDwell|WindowStateCount,phase3ce1_typed_primitive_gate_v1_20260618,phase3ce1_g2_input_gate_smoke,g2_selector_input_smoke,mature_g2_candidate,blocked_unsafe_known_structure,reject,upstream typed gate already rejected row
cn_factor_event_curve_0333,"CSRank(Sub(Mean($break_board_after_streak_ge_3,5),Mean($break_board_after_streak_ge_3,20)))",event_curve,event_factor,break_board_after_streak_ge_3,True,phase3aa_event_0321_cn_factor_event_curve_0333,event_derived_feature_layer,True,False,blocked_unsafe_known_structure,ordinary continuous primitive consumed sparse event or discrete state field,break_board_after_streak_ge_3,Mean,EventCount|EventAge|EventTransition|StateDwell|WindowStateCount,phase3ce1_typed_primitive_gate_v1_20260618,phase3ce1_g2_input_gate_smoke,g2_selector_input_smoke,mature_g2_candidate,blocked_unsafe_known_structure,reject,upstream typed gate already rejected row
cn_factor_event_curve_0334,"CSRank(Sub(Mean($break_board_after_streak_ge_4,2),Mean($break_board_after_streak_ge_4,5)))",event_curve,event_factor,break_board_after_streak_ge_4,True,phase3aa_event_0322_cn_factor_event_curve_0334,event_derived_feature_layer,True,False,blocked_unsafe_known_structure,ordinary continuous primitive consumed sparse event or discrete state field,break_board_after_streak_ge_4,Mean,EventCount|EventAge|EventTransition|StateDwell|WindowStateCount,phase3ce1_typed_primitive_gate_v1_20260618,phase3ce1_g2_input_gate_smoke,g2_selector_input_smoke,mature_g2_candidate,blocked_unsafe_known_structure,reject,upstream typed gate already rejected row
cn_factor_event_curve_0335,"CSRank(Sub(Mean($break_board_after_streak_ge_4,3),Mean($break_board_after_streak_ge_4,10)))",event_curve,event_factor,break_board_after_streak_ge_4,True,phase3aa_event_0323_cn_factor_event_curve_0335,event_derived_feature_layer,True,False,blocked_unsafe_known_structure,ordinary continuous primitive consumed sparse event or discrete state field,break_board_after_streak_ge_4,Mean,EventCount|EventAge|EventTransition|StateDwell|WindowStateCount,phase3ce1_typed_primitive_gate_v1_20260618,phase3ce1_g2_input_gate_smoke,g2_selector_input_smoke,mature_g2_candidate,blocked_unsafe_known_structure,reject,upstream typed gate already rejected row
cn_factor_event_curve_0336,"CSRank(Sub(Mean($break_board_after_streak_ge_4,5),Mean($break_board_after_streak_ge_4,20)))",event_curve,event_factor,break_board_after_streak_ge_4,True,phase3aa_event_0324_cn_factor_event_curve_0336,event_derived_feature_layer,True,False,blocked_unsafe_known_structure,ordinary continuous primitive consumed sparse event or discrete state field,break_board_after_streak_ge_4,Mean,EventCount|EventAge|EventTransition|StateDwell|WindowStateCount,phase3ce1_typed_primitive_gate_v1_20260618,phase3ce1_g2_input_gate_smoke,g2_selector_input_smoke,mature_g2_candidate,blocked_unsafe_known_structure,reject,upstream typed gate already rejected row
cn_factor_event_curve_0337,"CSRank(Sub(Mean($break_board_after_streak_ge_5,2),Mean($break_board_after_streak_ge_5,5)))",event_curve,event_factor,break_board_after_streak_ge_5,True,phase3aa_event_0325_cn_factor_event_curve_0337,event_derived_feature_layer,True,False,blocked_unsafe_known_structure,ordinary continuous primitive consumed sparse event or discrete state field,break_board_after_streak_ge_5,Mean,EventCount|EventAge|EventTransition|StateDwell|WindowStateCount,phase3ce1_typed_primitive_gate_v1_20260618,phase3ce1_g2_input_gate_smoke,g2_selector_input_smoke,mature_g2_candidate,blocked_unsafe_known_structure,reject,upstream typed gate already rejected row
cn_factor_event_curve_0338,"CSRank(Sub(Mean($break_board_after_streak_ge_5,3),Mean($break_board_after_streak_ge_5,10)))",event_curve,event_factor,break_board_after_streak_ge_5,True,phase3aa_event_0326_cn_factor_event_curve_0338,event_derived_feature_layer,True,False,blocked_unsafe_known_structure,ordinary continuous primitive consumed sparse event or discrete state field,break_board_after_streak_ge_5,Mean,EventCount|EventAge|EventTransition|StateDwell|WindowStateCount,phase3ce1_typed_primitive_gate_v1_20260618,phase3ce1_g2_input_gate_smoke,g2_selector_input_smoke,mature_g2_candidate,blocked_unsafe_known_structure,reject,upstream typed gate already rejected row
cn_factor_event_curve_0339,"CSRank(Sub(Mean($break_board_after_streak_ge_5,5),Mean($break_board_after_streak_ge_5,20)))",event_curve,event_factor,break_board_after_streak_ge_5,True,phase3aa_event_0327_cn_factor_event_curve_0339,event_derived_feature_layer,True,False,blocked_unsafe_known_structure,ordinary continuous primitive consumed sparse event or discrete state field,break_board_after_streak_ge_5,Mean,EventCount|EventAge|EventTransition|StateDwell|WindowStateCount,phase3ce1_typed_primitive_gate_v1_20260618,phase3ce1_g2_input_gate_smoke,g2_selector_input_smoke,mature_g2_candidate,blocked_unsafe_known_structure,reject,upstream typed gate already rejected row
cn_factor_event_curve_0340,"CSRank(Sub(Mean($break_board_after_streak_ge_6,2),Mean($break_board_after_streak_ge_6,5)))",event_curve,event_factor,break_board_after_streak_ge_6,True,phase3aa_event_0328_cn_factor_event_curve_0340,event_derived_feature_layer,True,False,blocked_unsafe_known_structure,ordinary continuous primitive consumed sparse event or discrete state field,break_board_after_streak_ge_6,Mean,EventCount|EventAge|EventTransition|StateDwell|WindowStateCount,phase3ce1_typed_primitive_gate_v1_20260618,phase3ce1_g2_input_gate_smoke,g2_selector_input_smoke,mature_g2_candidate,blocked_unsafe_known_structure,reject,upstream typed gate already rejected row
cn_factor_event_curve_0341,"CSRank(Sub(Mean($break_board_after_streak_ge_6,3),Mean($break_board_after_streak_ge_6,10)))",event_curve,event_factor,break_board_after_streak_ge_6,True,phase3aa_event_0329_cn_factor_event_curve_0341,event_derived_feature_layer,True,False,blocked_unsafe_known_structure,ordinary continuous primitive consumed sparse event or discrete state field,break_board_after_streak_ge_6,Mean,EventCount|EventAge|EventTransition|StateDwell|WindowStateCount,phase3ce1_typed_primitive_gate_v1_20260618,phase3ce1_g2_input_gate_smoke,g2_selector_input_smoke,mature_g2_candidate,blocked_unsafe_known_structure,reject,upstream typed gate already rejected row
cn_factor_event_curve_0342,"CSRank(Sub(Mean($break_board_after_streak_ge_6,5),Mean($break_board_after_streak_ge_6,20)))",event_curve,event_factor,break_board_after_streak_ge_6,True,phase3aa_event_0330_cn_factor_event_curve_0342,event_derived_feature_layer,True,False,blocked_unsafe_known_structure,ordinary continuous primitive consumed sparse event or discrete state field,break_board_after_streak_ge_6,Mean,EventCount|EventAge|EventTransition|StateDwell|WindowStateCount,phase3ce1_typed_primitive_gate_v1_20260618,phase3ce1_g2_input_gate_smoke,g2_selector_input_smoke,mature_g2_candidate,blocked_unsafe_known_structure,reject,upstream typed gate already rejected row
cn_factor_event_curve_0343,"CSRank(Sub(Mean($break_board_after_streak_ge_7,2),Mean($break_board_after_streak_ge_7,5)))",event_curve,event_factor,break_board_after_streak_ge_7,True,phase3aa_event_0331_cn_factor_event_curve_0343,event_derived_feature_layer,True,False,blocked_unsafe_known_structure,ordinary continuous primitive consumed sparse event or discrete state field,break_board_after_streak_ge_7,Mean,EventCount|EventAge|EventTransition|StateDwell|WindowStateCount,phase3ce1_typed_primitive_gate_v1_20260618,phase3ce1_g2_input_gate_smoke,g2_selector_input_smoke,mature_g2_candidate,blocked_unsafe_known_structure,reject,upstream typed gate already rejected row
cn_factor_event_curve_0344,"CSRank(Sub(Mean($break_board_after_streak_ge_7,3),Mean($break_board_after_streak_ge_7,10)))",event_curve,event_factor,break_board_after_streak_ge_7,True,phase3aa_event_0332_cn_factor_event_curve_0344,event_derived_feature_layer,True,False,blocked_unsafe_known_structure,ordinary continuous primitive consumed sparse event or discrete state field,break_board_after_streak_ge_7,Mean,EventCount|EventAge|EventTransition|StateDwell|WindowStateCount,phase3ce1_typed_primitive_gate_v1_20260618,phase3ce1_g2_input_gate_smoke,g2_selector_input_smoke,mature_g2_candidate,blocked_unsafe_known_structure,reject,upstream typed gate already rejected row
cn_factor_event_curve_0345,"CSRank(Sub(Mean($break_board_after_streak_ge_7,5),Mean($break_board_after_streak_ge_7,20)))",event_curve,event_factor,break_board_after_streak_ge_7,True,phase3aa_event_0333_cn_factor_event_curve_0345,event_derived_feature_layer,True,False,blocked_unsafe_known_structure,ordinary continuous primitive consumed sparse event or discrete state field,break_board_after_streak_ge_7,Mean,EventCount|EventAge|EventTransition|StateDwell|WindowStateCount,phase3ce1_typed_primitive_gate_v1_20260618,phase3ce1_g2_input_gate_smoke,g2_selector_input_smoke,mature_g2_candidate,blocked_unsafe_known_structure,reject,upstream typed gate already rejected row
cn_factor_event_curve_0346,"CSRank(Sub(Mean($break_board_after_streak_ge_8,2),Mean($break_board_after_streak_ge_8,5)))",event_curve,event_factor,break_board_after_streak_ge_8,True,phase3aa_event_0334_cn_factor_event_curve_0346,event_derived_feature_layer,True,False,blocked_unsafe_known_structure,ordinary continuous primitive consumed sparse event or discrete state field,break_board_after_streak_ge_8,Mean,EventCount|EventAge|EventTransition|StateDwell|WindowStateCount,phase3ce1_typed_primitive_gate_v1_20260618,phase3ce1_g2_input_gate_smoke,g2_selector_input_smoke,mature_g2_candidate,blocked_unsafe_known_structure,reject,upstream typed gate already rejected row
cn_factor_event_curve_0347,"CSRank(Sub(Mean($break_board_after_streak_ge_8,3),Mean($break_board_after_streak_ge_8,10)))",event_curve,event_factor,break_board_after_streak_ge_8,True,phase3aa_event_0335_cn_factor_event_curve_0347,event_derived_feature_layer,True,False,blocked_unsafe_known_structure,ordinary continuous primitive consumed sparse event or discrete state field,break_board_after_streak_ge_8,Mean,EventCount|EventAge|EventTransition|StateDwell|WindowStateCount,phase3ce1_typed_primitive_gate_v1_20260618,phase3ce1_g2_input_gate_smoke,g2_selector_input_smoke,mature_g2_candidate,blocked_unsafe_known_structure,reject,upstream typed gate already rejected row
cn_factor_event_curve_0348,"CSRank(Sub(Mean($break_board_after_streak_ge_8,5),Mean($break_board_after_streak_ge_8,20)))",event_curve,event_factor,break_board_after_streak_ge_8,True,phase3aa_event_0336_cn_factor_event_curve_0348,event_derived_feature_layer,True,False,blocked_unsafe_known_structure,ordinary continuous primitive consumed sparse event or discrete state field,break_board_after_streak_ge_8,Mean,EventCount|EventAge|EventTransition|StateDwell|WindowStateCount,phase3ce1_typed_primitive_gate_v1_20260618,phase3ce1_g2_input_gate_smoke,g2_selector_input_smoke,mature_g2_candidate,blocked_unsafe_known_structure,reject,upstream typed gate already rejected row
cn_factor_event_curve_0349,"CSRank(Sub(Mean($break_board_after_streak_ge_9,2),Mean($break_board_after_streak_ge_9,5)))",event_curve,event_factor,break_board_after_streak_ge_9,True,phase3aa_event_0337_cn_factor_event_curve_0349,event_derived_feature_layer,True,False,blocked_unsafe_known_structure,ordinary continuous primitive consumed sparse event or discrete state field,break_board_after_streak_ge_9,Mean,EventCount|EventAge|EventTransition|StateDwell|WindowStateCount,phase3ce1_typed_primitive_gate_v1_20260618,phase3ce1_g2_input_gate_smoke,g2_selector_input_smoke,mature_g2_candidate,blocked_unsafe_known_structure,reject,upstream typed gate already rejected row
cn_factor_event_curve_0350,"CSRank(Sub(Mean($break_board_after_streak_ge_9,3),Mean($break_board_after_streak_ge_9,10)))",event_curve,event_factor,break_board_after_streak_ge_9,True,phase3aa_event_0338_cn_factor_event_curve_0350,event_derived_feature_layer,True,False,blocked_unsafe_known_structure,ordinary continuous primitive consumed sparse event or discrete state field,break_board_after_streak_ge_9,Mean,EventCount|EventAge|EventTransition|StateDwell|WindowStateCount,phase3ce1_typed_primitive_gate_v1_20260618,phase3ce1_g2_input_gate_smoke,g2_selector_input_smoke,mature_g2_candidate,blocked_unsafe_known_structure,reject,upstream typed gate already rejected row
cn_factor_event_curve_0351,"CSRank(Sub(Mean($break_board_after_streak_ge_9,5),Mean($break_board_after_streak_ge_9,20)))",event_curve,event_factor,break_board_after_streak_ge_9,True,phase3aa_event_0339_cn_factor_event_curve_0351,event_derived_feature_layer,True,False,blocked_unsafe_known_structure,ordinary continuous primitive consumed sparse event or discrete state field,break_board_after_streak_ge_9,Mean,EventCount|EventAge|EventTransition|StateDwell|WindowStateCount,phase3ce1_typed_primitive_gate_v1_20260618,phase3ce1_g2_input_gate_smoke,g2_selector_input_smoke,mature_g2_candidate,blocked_unsafe_known_structure,reject,upstream typed gate already rejected row
cn_factor_event_curve_0352,"CSRank(Sub(Mean($limit_up_close_count_t10,2),Mean($limit_up_close_count_t10,5)))",event_curve,event_factor,limit_up_close_count_t10,True,phase3aa_event_0340_cn_factor_event_curve_0352,event_derived_feature_layer,True,False,blocked_unsafe_known_structure,ordinary continuous primitive consumed sparse event or discrete state field,limit_up_close_count_t10,Mean,EventCount|EventAge|EventTransition|StateDwell|WindowStateCount,phase3ce1_typed_primitive_gate_v1_20260618,phase3ce1_g2_input_gate_smoke,g2_selector_input_smoke,mature_g2_candidate,blocked_unsafe_known_structure,reject,upstream typed gate already rejected row
cn_factor_event_curve_0353,"CSRank(Sub(Mean($limit_up_close_count_t10,3),Mean($limit_up_close_count_t10,10)))",event_curve,event_factor,limit_up_close_count_t10,True,phase3aa_event_0341_cn_factor_event_curve_0353,event_derived_feature_layer,True,False,blocked_unsafe_known_structure,ordinary continuous primitive consumed sparse event or discrete state field,limit_up_close_count_t10,Mean,EventCount|EventAge|EventTransition|StateDwell|WindowStateCount,phase3ce1_typed_primitive_gate_v1_20260618,phase3ce1_g2_input_gate_smoke,g2_selector_input_smoke,mature_g2_candidate,blocked_unsafe_known_structure,reject,upstream typed gate already rejected row
cn_factor_event_curve_0354,"CSRank(Sub(Mean($limit_up_close_count_t10,5),Mean($limit_up_close_count_t10,20)))",event_curve,event_factor,limit_up_close_count_t10,True,phase3aa_event_0342_cn_factor_event_curve_0354,event_derived_feature_layer,True,False,blocked_unsafe_known_structure,ordinary continuous primitive consumed sparse event or discrete state field,limit_up_close_count_t10,Mean,EventCount|EventAge|EventTransition|StateDwell|WindowStateCount,phase3ce1_typed_primitive_gate_v1_20260618,phase3ce1_g2_input_gate_smoke,g2_selector_input_smoke,mature_g2_candidate,blocked_unsafe_known_structure,reject,upstream typed gate already rejected row
cn_factor_event_curve_0355,"CSRank(Sub(Mean($limit_up_close_count_t2,2),Mean($limit_up_close_count_t2,5)))",event_curve,event_factor,limit_up_close_count_t2,True,phase3aa_event_0343_cn_factor_event_curve_0355,event_derived_feature_layer,True,False,blocked_unsafe_known_structure,ordinary continuous primitive consumed sparse event or discrete state field,limit_up_close_count_t2,Mean,EventCount|EventAge|EventTransition|StateDwell|WindowStateCount,phase3ce1_typed_primitive_gate_v1_20260618,phase3ce1_g2_input_gate_smoke,g2_selector_input_smoke,mature_g2_candidate,blocked_unsafe_known_structure,reject,upstream typed gate already rejected row
cn_factor_event_curve_0356,"CSRank(Sub(Mean($limit_up_close_count_t2,3),Mean($limit_up_close_count_t2,10)))",event_curve,event_factor,limit_up_close_count_t2,True,phase3aa_event_0344_cn_factor_event_curve_0356,event_derived_feature_layer,True,False,blocked_unsafe_known_structure,ordinary continuous primitive consumed sparse event or discrete state field,limit_up_close_count_t2,Mean,EventCount|EventAge|EventTransition|StateDwell|WindowStateCount,phase3ce1_typed_primitive_gate_v1_20260618,phase3ce1_g2_input_gate_smoke,g2_selector_input_smoke,mature_g2_candidate,blocked_unsafe_known_structure,reject,upstream typed gate already rejected row
cn_factor_event_curve_0357,"CSRank(Sub(Mean($limit_up_close_count_t2,5),Mean($limit_up_close_count_t2,20)))",event_curve,event_factor,limit_up_close_count_t2,True,phase3aa_event_0345_cn_factor_event_curve_0357,event_derived_feature_layer,True,False,blocked_unsafe_known_structure,ordinary continuous primitive consumed sparse event or discrete state field,limit_up_close_count_t2,Mean,EventCount|EventAge|EventTransition|StateDwell|WindowStateCount,phase3ce1_typed_primitive_gate_v1_20260618,phase3ce1_g2_input_gate_smoke,g2_selector_input_smoke,mature_g2_candidate,blocked_unsafe_known_structure,reject,upstream typed gate already rejected row
cn_factor_event_curve_0358,"CSRank(Sub(Mean($limit_up_close_count_t3,2),Mean($limit_up_close_count_t3,5)))",event_curve,event_factor,limit_up_close_count_t3,True,phase3aa_event_0346_cn_factor_event_curve_0358,event_derived_feature_layer,True,False,blocked_unsafe_known_structure,ordinary continuous primitive consumed sparse event or discrete state field,limit_up_close_count_t3,Mean,EventCount|EventAge|EventTransition|StateDwell|WindowStateCount,phase3ce1_typed_primitive_gate_v1_20260618,phase3ce1_g2_input_gate_smoke,g2_selector_input_smoke,mature_g2_candidate,blocked_unsafe_known_structure,reject,upstream typed gate already rejected row
cn_factor_event_curve_0359,"CSRank(Sub(Mean($limit_up_close_count_t3,3),Mean($limit_up_close_count_t3,10)))",event_curve,event_factor,limit_up_close_count_t3,True,phase3aa_event_0347_cn_factor_event_curve_0359,event_derived_feature_layer,True,False,blocked_unsafe_known_structure,ordinary continuous primitive consumed sparse event or discrete state field,limit_up_close_count_t3,Mean,EventCount|EventAge|EventTransition|StateDwell|WindowStateCount,phase3ce1_typed_primitive_gate_v1_20260618,phase3ce1_g2_input_gate_smoke,g2_selector_input_smoke,mature_g2_candidate,blocked_unsafe_known_structure,reject,upstream typed gate already rejected row
cn_factor_event_curve_0360,"CSRank(Sub(Mean($limit_up_close_count_t3,5),Mean($limit_up_close_count_t3,20)))",event_curve,event_factor,limit_up_close_count_t3,True,phase3aa_event_0348_cn_factor_event_curve_0360,event_derived_feature_layer,True,False,blocked_unsafe_known_structure,ordinary continuous primitive consumed sparse event or discrete state field,limit_up_close_count_t3,Mean,EventCount|EventAge|EventTransition|StateDwell|WindowStateCount,phase3ce1_typed_primitive_gate_v1_20260618,phase3ce1_g2_input_gate_smoke,g2_selector_input_smoke,mature_g2_candidate,blocked_unsafe_known_structure,reject,upstream typed gate already rejected row
cn_factor_event_x_flow_0361,"CSRank(Mul(ZScore(Mean($limit_up_any_close_not_open_in_t10,5)),ZScore(Mean($amount,10))))",event_x_flow,interaction_factor,limit_up_any_close_not_open_in_t10|amount,True,phase3aa_event_0349_cn_factor_event_x_flow_0361,event_derived_feature_layer,True,False,blocked_unsafe_known_structure,ordinary continuous primitive consumed sparse event or discrete state field,limit_up_any_close_not_open_in_t10,Mean|ZScore,EventCount|EventAge|EventTransition|StateDwell|WindowStateCount,phase3ce1_typed_primitive_gate_v1_20260618,phase3ce1_g2_input_gate_smoke,g2_selector_input_smoke,mature_g2_candidate,blocked_unsafe_known_structure,reject,upstream typed gate already rejected row
cn_factor_event_x_flow_0362,"CSRank(Mul(ZScore(Mean($limit_up_any_close_not_open_in_t10,5)),ZScore(Mean($turnover_ratio,10))))",event_x_flow,interaction_factor,limit_up_any_close_not_open_in_t10|turnover_ratio,True,phase3aa_event_0350_cn_factor_event_x_flow_0362,event_derived_feature_layer,True,False,blocked_unsafe_known_structure,ordinary continuous primitive consumed sparse event or discrete state field,limit_up_any_close_not_open_in_t10,Mean|ZScore,EventCount|EventAge|EventTransition|StateDwell|WindowStateCount,phase3ce1_typed_primitive_gate_v1_20260618,phase3ce1_g2_input_gate_smoke,g2_selector_input_smoke,mature_g2_candidate,blocked_unsafe_known_structure,reject,upstream typed gate already rejected row
cn_factor_event_x_flow_0363,"CSRank(Mul(ZScore(Mean($limit_up_any_close_not_open_in_t10,5)),ZScore(Mean($turnover_ratio_real,10))))",event_x_flow,interaction_factor,limit_up_any_close_not_open_in_t10|turnover_ratio_real,True,phase3aa_event_0351_cn_factor_event_x_flow_0363,event_derived_feature_layer,True,False,blocked_unsafe_known_structure,ordinary continuous primitive consumed sparse event or discrete state field,limit_up_any_close_not_open_in_t10,Mean|ZScore,EventCount|EventAge|EventTransition|StateDwell|WindowStateCount,phase3ce1_typed_primitive_gate_v1_20260618,phase3ce1_g2_input_gate_smoke,g2_selector_input_smoke,mature_g2_candidate,blocked_unsafe_known_structure,reject,upstream typed gate already rejected row
cn_factor_event_x_flow_0364,"CSRank(Mul(ZScore(Mean($limit_up_any_close_not_open_in_t10,5)),ZScore(Mean($seal_money,10))))",event_x_flow,interaction_factor,limit_up_any_close_not_open_in_t10|seal_money,True,phase3aa_event_0352_cn_factor_event_x_flow_0364,event_derived_feature_layer,True,False,blocked_unsafe_known_structure,ordinary continuous primitive consumed sparse event or discrete state field,limit_up_any_close_not_open_in_t10|seal_money,Mean|ZScore,EventCount|EventAge|EventTransition|StateDwell|WindowStateCount,phase3ce1_typed_primitive_gate_v1_20260618,phase3ce1_g2_input_gate_smoke,g2_selector_input_smoke,mature_g2_candidate,blocked_unsafe_known_structure,reject,upstream typed gate already rejected row
cn_factor_event_x_flow_0365,"CSRank(Mul(ZScore(Mean($limit_up_any_close_not_open_in_t10,5)),ZScore(Mean($seal_rate,10))))",event_x_flow,interaction_factor,limit_up_any_close_not_open_in_t10|seal_rate,True,phase3aa_event_0353_cn_factor_event_x_flow_0365,event_derived_feature_layer,True,False,blocked_unsafe_known_structure,ordinary continuous primitive consumed sparse event or discrete state field,limit_up_any_close_not_open_in_t10|seal_rate,Mean|ZScore,EventCount|EventAge|EventTransition|StateDwell|WindowStateCount,phase3ce1_typed_primitive_gate_v1_20260618,phase3ce1_g2_input_gate_smoke,g2_selector_input_smoke,mature_g2_candidate,blocked_unsafe_known_structure,reject,upstream typed gate already rejected row
cn_factor_event_x_flow_0366,"CSRank(Mul(ZScore(Mean($limit_up_any_close_not_open_in_t10,5)),ZScore(Mean($seal_circulation_rate,10))))",event_x_flow,interaction_factor,limit_up_any_close_not_open_in_t10|seal_circulation_rate,True,phase3aa_event_0354_cn_factor_event_x_flow_0366,event_derived_feature_layer,True,False,blocked_unsafe_known_structure,ordinary continuous primitive consumed sparse event or discrete state field,limit_up_any_close_not_open_in_t10|seal_circulation_rate,Mean|ZScore,EventCount|EventAge|EventTransition|StateDwell|WindowStateCount,phase3ce1_typed_primitive_gate_v1_20260618,phase3ce1_g2_input_gate_smoke,g2_selector_input_smoke,mature_g2_candidate,blocked_unsafe_known_structure,reject,upstream typed gate already rejected row
cn_factor_event_x_flow_0367,"CSRank(Mul(ZScore(Mean($limit_up_any_close_not_open_in_t2,5)),ZScore(Mean($amount,10))))",event_x_flow,interaction_factor,limit_up_any_close_not_open_in_t2|amount,True,phase3aa_event_0355_cn_factor_event_x_flow_0367,event_derived_feature_layer,True,False,blocked_unsafe_known_structure,ordinary continuous primitive consumed sparse event or discrete state field,limit_up_any_close_not_open_in_t2,Mean|ZScore,EventCount|EventAge|EventTransition|StateDwell|WindowStateCount,phase3ce1_typed_primitive_gate_v1_20260618,phase3ce1_g2_input_gate_smoke,g2_selector_input_smoke,mature_g2_candidate,blocked_unsafe_known_structure,reject,upstream typed gate already rejected row
cn_factor_event_x_flow_0368,"CSRank(Mul(ZScore(Mean($limit_up_any_close_not_open_in_t2,5)),ZScore(Mean($turnover_ratio,10))))",event_x_flow,interaction_factor,limit_up_any_close_not_open_in_t2|turnover_ratio,True,phase3aa_event_0356_cn_factor_event_x_flow_0368,event_derived_feature_layer,True,False,blocked_unsafe_known_structure,ordinary continuous primitive consumed sparse event or discrete state field,limit_up_any_close_not_open_in_t2,Mean|ZScore,EventCount|EventAge|EventTransition|StateDwell|WindowStateCount,phase3ce1_typed_primitive_gate_v1_20260618,phase3ce1_g2_input_gate_smoke,g2_selector_input_smoke,mature_g2_candidate,blocked_unsafe_known_structure,reject,upstream typed gate already rejected row
cn_factor_event_x_flow_0369,"CSRank(Mul(ZScore(Mean($limit_up_any_close_not_open_in_t2,5)),ZScore(Mean($turnover_ratio_real,10))))",event_x_flow,interaction_factor,limit_up_any_close_not_open_in_t2|turnover_ratio_real,True,phase3aa_event_0357_cn_factor_event_x_flow_0369,event_derived_feature_layer,True,False,blocked_unsafe_known_structure,ordinary continuous primitive consumed sparse event or discrete state field,limit_up_any_close_not_open_in_t2,Mean|ZScore,EventCount|EventAge|EventTransition|StateDwell|WindowStateCount,phase3ce1_typed_primitive_gate_v1_20260618,phase3ce1_g2_input_gate_smoke,g2_selector_input_smoke,mature_g2_candidate,blocked_unsafe_known_structure,reject,upstream typed gate already rejected row
cn_factor_event_x_flow_0370,"CSRank(Mul(ZScore(Mean($limit_up_any_close_not_open_in_t2,5)),ZScore(Mean($seal_money,10))))",event_x_flow,interaction_factor,limit_up_any_close_not_open_in_t2|seal_money,True,phase3aa_event_0358_cn_factor_event_x_flow_0370,event_derived_feature_layer,True,False,blocked_unsafe_known_structure,ordinary continuous primitive consumed sparse event or discrete state field,limit_up_any_close_not_open_in_t2|seal_money,Mean|ZScore,EventCount|EventAge|EventTransition|StateDwell|WindowStateCount,phase3ce1_typed_primitive_gate_v1_20260618,phase3ce1_g2_input_gate_smoke,g2_selector_input_smoke,mature_g2_candidate,blocked_unsafe_known_structure,reject,upstream typed gate already rejected row
cn_factor_event_x_flow_0371,"CSRank(Mul(ZScore(Mean($limit_up_any_close_not_open_in_t2,5)),ZScore(Mean($seal_rate,10))))",event_x_flow,interaction_factor,limit_up_any_close_not_open_in_t2|seal_rate,True,phase3aa_event_0359_cn_factor_event_x_flow_0371,event_derived_feature_layer,True,False,blocked_unsafe_known_structure,ordinary continuous primitive consumed sparse event or discrete state field,limit_up_any_close_not_open_in_t2|seal_rate,Mean|ZScore,EventCount|EventAge|EventTransition|StateDwell|WindowStateCount,phase3ce1_typed_primitive_gate_v1_20260618,phase3ce1_g2_input_gate_smoke,g2_selector_input_smoke,mature_g2_candidate,blocked_unsafe_known_structure,reject,upstream typed gate already rejected row
cn_factor_event_x_flow_0372,"CSRank(Mul(ZScore(Mean($limit_up_any_close_not_open_in_t2,5)),ZScore(Mean($seal_circulation_rate,10))))",event_x_flow,interaction_factor,limit_up_any_close_not_open_in_t2|seal_circulation_rate,True,phase3aa_event_0360_cn_factor_event_x_flow_0372,event_derived_feature_layer,True,False,blocked_unsafe_known_structure,ordinary continuous primitive consumed sparse event or discrete state field,limit_up_any_close_not_open_in_t2|seal_circulation_rate,Mean|ZScore,EventCount|EventAge|EventTransition|StateDwell|WindowStateCount,phase3ce1_typed_primitive_gate_v1_20260618,phase3ce1_g2_input_gate_smoke,g2_selector_input_smoke,mature_g2_candidate,blocked_unsafe_known_structure,reject,upstream typed gate already rejected row
cn_factor_event_x_flow_0373,"CSRank(Mul(ZScore(Mean($limit_up_any_close_not_open_in_t3,5)),ZScore(Mean($amount,10))))",event_x_flow,interaction_factor,limit_up_any_close_not_open_in_t3|amount,True,phase3aa_event_0361_cn_factor_event_x_flow_0373,event_derived_feature_layer,True,False,blocked_unsafe_known_structure,ordinary continuous primitive consumed sparse event or discrete state field,limit_up_any_close_not_open_in_t3,Mean|ZScore,EventCount|EventAge|EventTransition|StateDwell|WindowStateCount,phase3ce1_typed_primitive_gate_v1_20260618,phase3ce1_g2_input_gate_smoke,g2_selector_input_smoke,mature_g2_candidate,blocked_unsafe_known_structure,reject,upstream typed gate already rejected row
cn_factor_event_x_flow_0374,"CSRank(Mul(ZScore(Mean($limit_up_any_close_not_open_in_t3,5)),ZScore(Mean($turnover_ratio,10))))",event_x_flow,interaction_factor,limit_up_any_close_not_open_in_t3|turnover_ratio,True,phase3aa_event_0362_cn_factor_event_x_flow_0374,event_derived_feature_layer,True,False,blocked_unsafe_known_structure,ordinary continuous primitive consumed sparse event or discrete state field,limit_up_any_close_not_open_in_t3,Mean|ZScore,EventCount|EventAge|EventTransition|StateDwell|WindowStateCount,phase3ce1_typed_primitive_gate_v1_20260618,phase3ce1_g2_input_gate_smoke,g2_selector_input_smoke,mature_g2_candidate,blocked_unsafe_known_structure,reject,upstream typed gate already rejected row
cn_factor_event_x_flow_0375,"CSRank(Mul(ZScore(Mean($limit_up_any_close_not_open_in_t3,5)),ZScore(Mean($turnover_ratio_real,10))))",event_x_flow,interaction_factor,limit_up_any_close_not_open_in_t3|turnover_ratio_real,True,phase3aa_event_0363_cn_factor_event_x_flow_0375,event_derived_feature_layer,True,False,blocked_unsafe_known_structure,ordinary continuous primitive consumed sparse event or discrete state field,limit_up_any_close_not_open_in_t3,Mean|ZScore,EventCount|EventAge|EventTransition|StateDwell|WindowStateCount,phase3ce1_typed_primitive_gate_v1_20260618,phase3ce1_g2_input_gate_smoke,g2_selector_input_smoke,mature_g2_candidate,blocked_unsafe_known_structure,reject,upstream typed gate already rejected row
cn_factor_event_x_flow_0376,"CSRank(Mul(ZScore(Mean($limit_up_any_close_not_open_in_t3,5)),ZScore(Mean($seal_money,10))))",event_x_flow,interaction_factor,limit_up_any_close_not_open_in_t3|seal_money,True,phase3aa_event_0364_cn_factor_event_x_flow_0376,event_derived_feature_layer,True,False,blocked_unsafe_known_structure,ordinary continuous primitive consumed sparse event or discrete state field,limit_up_any_close_not_open_in_t3|seal_money,Mean|ZScore,EventCount|EventAge|EventTransition|StateDwell|WindowStateCount,phase3ce1_typed_primitive_gate_v1_20260618,phase3ce1_g2_input_gate_smoke,g2_selector_input_smoke,mature_g2_candidate,blocked_unsafe_known_structure,reject,upstream typed gate already rejected row
cn_factor_event_x_flow_0377,"CSRank(Mul(ZScore(Mean($limit_up_any_close_not_open_in_t3,5)),ZScore(Mean($seal_rate,10))))",event_x_flow,interaction_factor,limit_up_any_close_not_open_in_t3|seal_rate,True,phase3aa_event_0365_cn_factor_event_x_flow_0377,event_derived_feature_layer,True,False,blocked_unsafe_known_structure,ordinary continuous primitive consumed sparse event or discrete state field,limit_up_any_close_not_open_in_t3|seal_rate,Mean|ZScore,EventCount|EventAge|EventTransition|StateDwell|WindowStateCount,phase3ce1_typed_primitive_gate_v1_20260618,phase3ce1_g2_input_gate_smoke,g2_selector_input_smoke,mature_g2_candidate,blocked_unsafe_known_structure,reject,upstream typed gate already rejected row
cn_factor_event_x_flow_0378,"CSRank(Mul(ZScore(Mean($limit_up_any_close_not_open_in_t3,5)),ZScore(Mean($seal_circulation_rate,10))))",event_x_flow,interaction_factor,limit_up_any_close_not_open_in_t3|seal_circulation_rate,True,phase3aa_event_0366_cn_factor_event_x_flow_0378,event_derived_feature_layer,True,False,blocked_unsafe_known_structure,ordinary continuous primitive consumed sparse event or discrete state field,limit_up_any_close_not_open_in_t3|seal_circulation_rate,Mean|ZScore,EventCount|EventAge|EventTransition|StateDwell|WindowStateCount,phase3ce1_typed_primitive_gate_v1_20260618,phase3ce1_g2_input_gate_smoke,g2_selector_input_smoke,mature_g2_candidate,blocked_unsafe_known_structure,reject,upstream typed gate already rejected row
cn_factor_event_x_flow_0379,"CSRank(Mul(ZScore(Mean($limit_up_any_close_not_open_in_t4,5)),ZScore(Mean($amount,10))))",event_x_flow,interaction_factor,limit_up_any_close_not_open_in_t4|amount,True,phase3aa_event_0367_cn_factor_event_x_flow_0379,event_derived_feature_layer,True,False,blocked_unsafe_known_structure,ordinary continuous primitive consumed sparse event or discrete state field,limit_up_any_close_not_open_in_t4,Mean|ZScore,EventCount|EventAge|EventTransition|StateDwell|WindowStateCount,phase3ce1_typed_primitive_gate_v1_20260618,phase3ce1_g2_input_gate_smoke,g2_selector_input_smoke,mature_g2_candidate,blocked_unsafe_known_structure,reject,upstream typed gate already rejected row
cn_factor_event_x_flow_0380,"CSRank(Mul(ZScore(Mean($limit_up_any_close_not_open_in_t4,5)),ZScore(Mean($turnover_ratio,10))))",event_x_flow,interaction_factor,limit_up_any_close_not_open_in_t4|turnover_ratio,True,phase3aa_event_0368_cn_factor_event_x_flow_0380,event_derived_feature_layer,True,False,blocked_unsafe_known_structure,ordinary continuous primitive consumed sparse event or discrete state field,limit_up_any_close_not_open_in_t4,Mean|ZScore,EventCount|EventAge|EventTransition|StateDwell|WindowStateCount,phase3ce1_typed_primitive_gate_v1_20260618,phase3ce1_g2_input_gate_smoke,g2_selector_input_smoke,mature_g2_candidate,blocked_unsafe_known_structure,reject,upstream typed gate already rejected row
cn_factor_event_x_flow_0381,"CSRank(Mul(ZScore(Mean($limit_up_any_close_not_open_in_t4,5)),ZScore(Mean($turnover_ratio_real,10))))",event_x_flow,interaction_factor,limit_up_any_close_not_open_in_t4|turnover_ratio_real,True,phase3aa_event_0369_cn_factor_event_x_flow_0381,event_derived_feature_layer,True,False,blocked_unsafe_known_structure,ordinary continuous primitive consumed sparse event or discrete state field,limit_up_any_close_not_open_in_t4,Mean|ZScore,EventCount|EventAge|EventTransition|StateDwell|WindowStateCount,phase3ce1_typed_primitive_gate_v1_20260618,phase3ce1_g2_input_gate_smoke,g2_selector_input_smoke,mature_g2_candidate,blocked_unsafe_known_structure,reject,upstream typed gate already rejected row
cn_factor_event_x_flow_0382,"CSRank(Mul(ZScore(Mean($limit_up_any_close_not_open_in_t4,5)),ZScore(Mean($seal_money,10))))",event_x_flow,interaction_factor,limit_up_any_close_not_open_in_t4|seal_money,True,phase3aa_event_0370_cn_factor_event_x_flow_0382,event_derived_feature_layer,True,False,blocked_unsafe_known_structure,ordinary continuous primitive consumed sparse event or discrete state field,limit_up_any_close_not_open_in_t4|seal_money,Mean|ZScore,EventCount|EventAge|EventTransition|StateDwell|WindowStateCount,phase3ce1_typed_primitive_gate_v1_20260618,phase3ce1_g2_input_gate_smoke,g2_selector_input_smoke,mature_g2_candidate,blocked_unsafe_known_structure,reject,upstream typed gate already rejected row
cn_factor_event_x_flow_0383,"CSRank(Mul(ZScore(Mean($limit_up_any_close_not_open_in_t4,5)),ZScore(Mean($seal_rate,10))))",event_x_flow,interaction_factor,limit_up_any_close_not_open_in_t4|seal_rate,True,phase3aa_event_0371_cn_factor_event_x_flow_0383,event_derived_feature_layer,True,False,blocked_unsafe_known_structure,ordinary continuous primitive consumed sparse event or discrete state field,limit_up_any_close_not_open_in_t4|seal_rate,Mean|ZScore,EventCount|EventAge|EventTransition|StateDwell|WindowStateCount,phase3ce1_typed_primitive_gate_v1_20260618,phase3ce1_g2_input_gate_smoke,g2_selector_input_smoke,mature_g2_candidate,blocked_unsafe_known_structure,reject,upstream typed gate already rejected row
cn_factor_event_x_flow_0384,"CSRank(Mul(ZScore(Mean($limit_up_any_close_not_open_in_t4,5)),ZScore(Mean($seal_circulation_rate,10))))",event_x_flow,interaction_factor,limit_up_any_close_not_open_in_t4|seal_circulation_rate,True,phase3aa_event_0372_cn_factor_event_x_flow_0384,event_derived_feature_layer,True,False,blocked_unsafe_known_structure,ordinary continuous primitive consumed sparse event or discrete state field,limit_up_any_close_not_open_in_t4|seal_circulation_rate,Mean|ZScore,EventCount|EventAge|EventTransition|StateDwell|WindowStateCount,phase3ce1_typed_primitive_gate_v1_20260618,phase3ce1_g2_input_gate_smoke,g2_selector_input_smoke,mature_g2_candidate,blocked_unsafe_known_structure,reject,upstream typed gate already rejected row
cn_factor_event_x_flow_0385,"CSRank(Mul(ZScore(Mean($limit_up_any_close_not_open_in_t5,5)),ZScore(Mean($amount,10))))",event_x_flow,interaction_factor,limit_up_any_close_not_open_in_t5|amount,True,phase3aa_event_0373_cn_factor_event_x_flow_0385,event_derived_feature_layer,True,False,blocked_unsafe_known_structure,ordinary continuous primitive consumed sparse event or discrete state field,limit_up_any_close_not_open_in_t5,Mean|ZScore,EventCount|EventAge|EventTransition|StateDwell|WindowStateCount,phase3ce1_typed_primitive_gate_v1_20260618,phase3ce1_g2_input_gate_smoke,g2_selector_input_smoke,mature_g2_candidate,blocked_unsafe_known_structure,reject,upstream typed gate already rejected row
cn_factor_event_x_flow_0386,"CSRank(Mul(ZScore(Mean($limit_up_any_close_not_open_in_t5,5)),ZScore(Mean($turnover_ratio,10))))",event_x_flow,interaction_factor,limit_up_any_close_not_open_in_t5|turnover_ratio,True,phase3aa_event_0374_cn_factor_event_x_flow_0386,event_derived_feature_layer,True,False,blocked_unsafe_known_structure,ordinary continuous primitive consumed sparse event or discrete state field,limit_up_any_close_not_open_in_t5,Mean|ZScore,EventCount|EventAge|EventTransition|StateDwell|WindowStateCount,phase3ce1_typed_primitive_gate_v1_20260618,phase3ce1_g2_input_gate_smoke,g2_selector_input_smoke,mature_g2_candidate,blocked_unsafe_known_structure,reject,upstream typed gate already rejected row
cn_factor_event_x_flow_0387,"CSRank(Mul(ZScore(Mean($limit_up_any_close_not_open_in_t5,5)),ZScore(Mean($turnover_ratio_real,10))))",event_x_flow,interaction_factor,limit_up_any_close_not_open_in_t5|turnover_ratio_real,True,phase3aa_event_0375_cn_factor_event_x_flow_0387,event_derived_feature_layer,True,False,blocked_unsafe_known_structure,ordinary continuous primitive consumed sparse event or discrete state field,limit_up_any_close_not_open_in_t5,Mean|ZScore,EventCount|EventAge|EventTransition|StateDwell|WindowStateCount,phase3ce1_typed_primitive_gate_v1_20260618,phase3ce1_g2_input_gate_smoke,g2_selector_input_smoke,mature_g2_candidate,blocked_unsafe_known_structure,reject,upstream typed gate already rejected row
cn_factor_event_x_flow_0388,"CSRank(Mul(ZScore(Mean($limit_up_any_close_not_open_in_t5,5)),ZScore(Mean($seal_money,10))))",event_x_flow,interaction_factor,limit_up_any_close_not_open_in_t5|seal_money,True,phase3aa_event_0376_cn_factor_event_x_flow_0388,event_derived_feature_layer,True,False,blocked_unsafe_known_structure,ordinary continuous primitive consumed sparse event or discrete state field,limit_up_any_close_not_open_in_t5|seal_money,Mean|ZScore,EventCount|EventAge|EventTransition|StateDwell|WindowStateCount,phase3ce1_typed_primitive_gate_v1_20260618,phase3ce1_g2_input_gate_smoke,g2_selector_input_smoke,mature_g2_candidate,blocked_unsafe_known_structure,reject,upstream typed gate already rejected row
cn_factor_event_x_flow_0389,"CSRank(Mul(ZScore(Mean($limit_up_any_close_not_open_in_t5,5)),ZScore(Mean($seal_rate,10))))",event_x_flow,interaction_factor,limit_up_any_close_not_open_in_t5|seal_rate,True,phase3aa_event_0377_cn_factor_event_x_flow_0389,event_derived_feature_layer,True,False,blocked_unsafe_known_structure,ordinary continuous primitive consumed sparse event or discrete state field,limit_up_any_close_not_open_in_t5|seal_rate,Mean|ZScore,EventCount|EventAge|EventTransition|StateDwell|WindowStateCount,phase3ce1_typed_primitive_gate_v1_20260618,phase3ce1_g2_input_gate_smoke,g2_selector_input_smoke,mature_g2_candidate,blocked_unsafe_known_structure,reject,upstream typed gate already rejected row
cn_factor_event_x_flow_0390,"CSRank(Mul(ZScore(Mean($limit_up_any_close_not_open_in_t5,5)),ZScore(Mean($seal_circulation_rate,10))))",event_x_flow,interaction_factor,limit_up_any_close_not_open_in_t5|seal_circulation_rate,True,phase3aa_event_0378_cn_factor_event_x_flow_0390,event_derived_feature_layer,True,False,blocked_unsafe_known_structure,ordinary continuous primitive consumed sparse event or discrete state field,limit_up_any_close_not_open_in_t5|seal_circulation_rate,Mean|ZScore,EventCount|EventAge|EventTransition|StateDwell|WindowStateCount,phase3ce1_typed_primitive_gate_v1_20260618,phase3ce1_g2_input_gate_smoke,g2_selector_input_smoke,mature_g2_candidate,blocked_unsafe_known_structure,reject,upstream typed gate already rejected row
cn_factor_event_x_flow_0391,"CSRank(Mul(ZScore(Mean($limit_up_any_close_not_open_in_t6,5)),ZScore(Mean($amount,10))))",event_x_flow,interaction_factor,limit_up_any_close_not_open_in_t6|amount,True,phase3aa_event_0379_cn_factor_event_x_flow_0391,event_derived_feature_layer,True,False,blocked_unsafe_known_structure,ordinary continuous primitive consumed sparse event or discrete state field,limit_up_any_close_not_open_in_t6,Mean|ZScore,EventCount|EventAge|EventTransition|StateDwell|WindowStateCount,phase3ce1_typed_primitive_gate_v1_20260618,phase3ce1_g2_input_gate_smoke,g2_selector_input_smoke,mature_g2_candidate,blocked_unsafe_known_structure,reject,upstream typed gate already rejected row
cn_factor_event_x_flow_0392,"CSRank(Mul(ZScore(Mean($limit_up_any_close_not_open_in_t6,5)),ZScore(Mean($turnover_ratio,10))))",event_x_flow,interaction_factor,limit_up_any_close_not_open_in_t6|turnover_ratio,True,phase3aa_event_0380_cn_factor_event_x_flow_0392,event_derived_feature_layer,True,False,blocked_unsafe_known_structure,ordinary continuous primitive consumed sparse event or discrete state field,limit_up_any_close_not_open_in_t6,Mean|ZScore,EventCount|EventAge|EventTransition|StateDwell|WindowStateCount,phase3ce1_typed_primitive_gate_v1_20260618,phase3ce1_g2_input_gate_smoke,g2_selector_input_smoke,mature_g2_candidate,blocked_unsafe_known_structure,reject,upstream typed gate already rejected row
cn_factor_event_x_flow_0393,"CSRank(Mul(ZScore(Mean($limit_up_any_close_not_open_in_t6,5)),ZScore(Mean($turnover_ratio_real,10))))",event_x_flow,interaction_factor,limit_up_any_close_not_open_in_t6|turnover_ratio_real,True,phase3aa_event_0381_cn_factor_event_x_flow_0393,event_derived_feature_layer,True,False,blocked_unsafe_known_structure,ordinary continuous primitive consumed sparse event or discrete state field,limit_up_any_close_not_open_in_t6,Mean|ZScore,EventCount|EventAge|EventTransition|StateDwell|WindowStateCount,phase3ce1_typed_primitive_gate_v1_20260618,phase3ce1_g2_input_gate_smoke,g2_selector_input_smoke,mature_g2_candidate,blocked_unsafe_known_structure,reject,upstream typed gate already rejected row
cn_factor_event_x_flow_0394,"CSRank(Mul(ZScore(Mean($limit_up_any_close_not_open_in_t6,5)),ZScore(Mean($seal_money,10))))",event_x_flow,interaction_factor,limit_up_any_close_not_open_in_t6|seal_money,True,phase3aa_event_0382_cn_factor_event_x_flow_0394,event_derived_feature_layer,True,False,blocked_unsafe_known_structure,ordinary continuous primitive consumed sparse event or discrete state field,limit_up_any_close_not_open_in_t6|seal_money,Mean|ZScore,EventCount|EventAge|EventTransition|StateDwell|WindowStateCount,phase3ce1_typed_primitive_gate_v1_20260618,phase3ce1_g2_input_gate_smoke,g2_selector_input_smoke,mature_g2_candidate,blocked_unsafe_known_structure,reject,upstream typed gate already rejected row
cn_factor_event_x_flow_0395,"CSRank(Mul(ZScore(Mean($limit_up_any_close_not_open_in_t6,5)),ZScore(Mean($seal_rate,10))))",event_x_flow,interaction_factor,limit_up_any_close_not_open_in_t6|seal_rate,True,phase3aa_event_0383_cn_factor_event_x_flow_0395,event_derived_feature_layer,True,False,blocked_unsafe_known_structure,ordinary continuous primitive consumed sparse event or discrete state field,limit_up_any_close_not_open_in_t6|seal_rate,Mean|ZScore,EventCount|EventAge|EventTransition|StateDwell|WindowStateCount,phase3ce1_typed_primitive_gate_v1_20260618,phase3ce1_g2_input_gate_smoke,g2_selector_input_smoke,mature_g2_candidate,blocked_unsafe_known_structure,reject,upstream typed gate already rejected row
cn_factor_event_x_flow_0396,"CSRank(Mul(ZScore(Mean($limit_up_any_close_not_open_in_t6,5)),ZScore(Mean($seal_circulation_rate,10))))",event_x_flow,interaction_factor,limit_up_any_close_not_open_in_t6|seal_circulation_rate,True,phase3aa_event_0384_cn_factor_event_x_flow_0396,event_derived_feature_layer,True,False,blocked_unsafe_known_structure,ordinary continuous primitive consumed sparse event or discrete state field,limit_up_any_close_not_open_in_t6|seal_circulation_rate,Mean|ZScore,EventCount|EventAge|EventTransition|StateDwell|WindowStateCount,phase3ce1_typed_primitive_gate_v1_20260618,phase3ce1_g2_input_gate_smoke,g2_selector_input_smoke,mature_g2_candidate,blocked_unsafe_known_structure,reject,upstream typed gate already rejected row
cn_factor_event_x_flow_0397,"CSRank(Mul(ZScore(Mean($limit_up_any_close_not_open_in_t7,5)),ZScore(Mean($amount,10))))",event_x_flow,interaction_factor,limit_up_any_close_not_open_in_t7|amount,True,phase3aa_event_0385_cn_factor_event_x_flow_0397,event_derived_feature_layer,True,False,blocked_unsafe_known_structure,ordinary continuous primitive consumed sparse event or discrete state field,limit_up_any_close_not_open_in_t7,Mean|ZScore,EventCount|EventAge|EventTransition|StateDwell|WindowStateCount,phase3ce1_typed_primitive_gate_v1_20260618,phase3ce1_g2_input_gate_smoke,g2_selector_input_smoke,mature_g2_candidate,blocked_unsafe_known_structure,reject,upstream typed gate already rejected row
cn_factor_event_x_flow_0398,"CSRank(Mul(ZScore(Mean($limit_up_any_close_not_open_in_t7,5)),ZScore(Mean($turnover_ratio,10))))",event_x_flow,interaction_factor,limit_up_any_close_not_open_in_t7|turnover_ratio,True,phase3aa_event_0386_cn_factor_event_x_flow_0398,event_derived_feature_layer,True,False,blocked_unsafe_known_structure,ordinary continuous primitive consumed sparse event or discrete state field,limit_up_any_close_not_open_in_t7,Mean|ZScore,EventCount|EventAge|EventTransition|StateDwell|WindowStateCount,phase3ce1_typed_primitive_gate_v1_20260618,phase3ce1_g2_input_gate_smoke,g2_selector_input_smoke,mature_g2_candidate,blocked_unsafe_known_structure,reject,upstream typed gate already rejected row
cn_factor_event_x_flow_0399,"CSRank(Mul(ZScore(Mean($limit_up_any_close_not_open_in_t7,5)),ZScore(Mean($turnover_ratio_real,10))))",event_x_flow,interaction_factor,limit_up_any_close_not_open_in_t7|turnover_ratio_real,True,phase3aa_event_0387_cn_factor_event_x_flow_0399,event_derived_feature_layer,True,False,blocked_unsafe_known_structure,ordinary continuous primitive consumed sparse event or discrete state field,limit_up_any_close_not_open_in_t7,Mean|ZScore,EventCount|EventAge|EventTransition|StateDwell|WindowStateCount,phase3ce1_typed_primitive_gate_v1_20260618,phase3ce1_g2_input_gate_smoke,g2_selector_input_smoke,mature_g2_candidate,blocked_unsafe_known_structure,reject,upstream typed gate already rejected row
cn_factor_event_x_flow_0400,"CSRank(Mul(ZScore(Mean($limit_up_any_close_not_open_in_t7,5)),ZScore(Mean($seal_money,10))))",event_x_flow,interaction_factor,limit_up_any_close_not_open_in_t7|seal_money,True,phase3aa_event_0388_cn_factor_event_x_flow_0400,event_derived_feature_layer,True,False,blocked_unsafe_known_structure,ordinary continuous primitive consumed sparse event or discrete state field,limit_up_any_close_not_open_in_t7|seal_money,Mean|ZScore,EventCount|EventAge|EventTransition|StateDwell|WindowStateCount,phase3ce1_typed_primitive_gate_v1_20260618,phase3ce1_g2_input_gate_smoke,g2_selector_input_smoke,mature_g2_candidate,blocked_unsafe_known_structure,reject,upstream typed gate already rejected row
cn_factor_event_x_flow_0401,"CSRank(Mul(ZScore(Mean($limit_up_any_close_not_open_in_t7,5)),ZScore(Mean($seal_rate,10))))",event_x_flow,interaction_factor,limit_up_any_close_not_open_in_t7|seal_rate,True,phase3aa_event_0389_cn_factor_event_x_flow_0401,event_derived_feature_layer,True,False,blocked_unsafe_known_structure,ordinary continuous primitive consumed sparse event or discrete state field,limit_up_any_close_not_open_in_t7|seal_rate,Mean|ZScore,EventCount|EventAge|EventTransition|StateDwell|WindowStateCount,phase3ce1_typed_primitive_gate_v1_20260618,phase3ce1_g2_input_gate_smoke,g2_selector_input_smoke,mature_g2_candidate,blocked_unsafe_known_structure,reject,upstream typed gate already rejected row
cn_factor_event_x_flow_0402,"CSRank(Mul(ZScore(Mean($limit_up_any_close_not_open_in_t7,5)),ZScore(Mean($seal_circulation_rate,10))))",event_x_flow,interaction_factor,limit_up_any_close_not_open_in_t7|seal_circulation_rate,True,phase3aa_event_0390_cn_factor_event_x_flow_0402,event_derived_feature_layer,True,False,blocked_unsafe_known_structure,ordinary continuous primitive consumed sparse event or discrete state field,limit_up_any_close_not_open_in_t7|seal_circulation_rate,Mean|ZScore,EventCount|EventAge|EventTransition|StateDwell|WindowStateCount,phase3ce1_typed_primitive_gate_v1_20260618,phase3ce1_g2_input_gate_smoke,g2_selector_input_smoke,mature_g2_candidate,blocked_unsafe_known_structure,reject,upstream typed gate already rejected row
cn_factor_event_x_flow_0403,"CSRank(Mul(ZScore(Mean($limit_up_any_close_not_open_in_t8,5)),ZScore(Mean($amount,10))))",event_x_flow,interaction_factor,limit_up_any_close_not_open_in_t8|amount,True,phase3aa_event_0391_cn_factor_event_x_flow_0403,event_derived_feature_layer,True,False,blocked_unsafe_known_structure,ordinary continuous primitive consumed sparse event or discrete state field,limit_up_any_close_not_open_in_t8,Mean|ZScore,EventCount|EventAge|EventTransition|StateDwell|WindowStateCount,phase3ce1_typed_primitive_gate_v1_20260618,phase3ce1_g2_input_gate_smoke,g2_selector_input_smoke,mature_g2_candidate,blocked_unsafe_known_structure,reject,upstream typed gate already rejected row
cn_factor_event_x_flow_0404,"CSRank(Mul(ZScore(Mean($limit_up_any_close_not_open_in_t8,5)),ZScore(Mean($turnover_ratio,10))))",event_x_flow,interaction_factor,limit_up_any_close_not_open_in_t8|turnover_ratio,True,phase3aa_event_0392_cn_factor_event_x_flow_0404,event_derived_feature_layer,True,False,blocked_unsafe_known_structure,ordinary continuous primitive consumed sparse event or discrete state field,limit_up_any_close_not_open_in_t8,Mean|ZScore,EventCount|EventAge|EventTransition|StateDwell|WindowStateCount,phase3ce1_typed_primitive_gate_v1_20260618,phase3ce1_g2_input_gate_smoke,g2_selector_input_smoke,mature_g2_candidate,blocked_unsafe_known_structure,reject,upstream typed gate already rejected row
cn_factor_event_x_flow_0405,"CSRank(Mul(ZScore(Mean($limit_up_any_close_not_open_in_t8,5)),ZScore(Mean($turnover_ratio_real,10))))",event_x_flow,interaction_factor,limit_up_any_close_not_open_in_t8|turnover_ratio_real,True,phase3aa_event_0393_cn_factor_event_x_flow_0405,event_derived_feature_layer,True,False,blocked_unsafe_known_structure,ordinary continuous primitive consumed sparse event or discrete state field,limit_up_any_close_not_open_in_t8,Mean|ZScore,EventCount|EventAge|EventTransition|StateDwell|WindowStateCount,phase3ce1_typed_primitive_gate_v1_20260618,phase3ce1_g2_input_gate_smoke,g2_selector_input_smoke,mature_g2_candidate,blocked_unsafe_known_structure,reject,upstream typed gate already rejected row
cn_factor_event_x_flow_0406,"CSRank(Mul(ZScore(Mean($limit_up_any_close_not_open_in_t8,5)),ZScore(Mean($seal_money,10))))",event_x_flow,interaction_factor,limit_up_any_close_not_open_in_t8|seal_money,True,phase3aa_event_0394_cn_factor_event_x_flow_0406,event_derived_feature_layer,True,False,blocked_unsafe_known_structure,ordinary continuous primitive consumed sparse event or discrete state field,limit_up_any_close_not_open_in_t8|seal_money,Mean|ZScore,EventCount|EventAge|EventTransition|StateDwell|WindowStateCount,phase3ce1_typed_primitive_gate_v1_20260618,phase3ce1_g2_input_gate_smoke,g2_selector_input_smoke,mature_g2_candidate,blocked_unsafe_known_structure,reject,upstream typed gate already rejected row
cn_factor_event_x_flow_0407,"CSRank(Mul(ZScore(Mean($limit_up_any_close_not_open_in_t8,5)),ZScore(Mean($seal_rate,10))))",event_x_flow,interaction_factor,limit_up_any_close_not_open_in_t8|seal_rate,True,phase3aa_event_0395_cn_factor_event_x_flow_0407,event_derived_feature_layer,True,False,blocked_unsafe_known_structure,ordinary continuous primitive consumed sparse event or discrete state field,limit_up_any_close_not_open_in_t8|seal_rate,Mean|ZScore,EventCount|EventAge|EventTransition|StateDwell|WindowStateCount,phase3ce1_typed_primitive_gate_v1_20260618,phase3ce1_g2_input_gate_smoke,g2_selector_input_smoke,mature_g2_candidate,blocked_unsafe_known_structure,reject,upstream typed gate already rejected row
cn_factor_event_x_flow_0408,"CSRank(Mul(ZScore(Mean($limit_up_any_close_not_open_in_t8,5)),ZScore(Mean($seal_circulation_rate,10))))",event_x_flow,interaction_factor,limit_up_any_close_not_open_in_t8|seal_circulation_rate,True,phase3aa_event_0396_cn_factor_event_x_flow_0408,event_derived_feature_layer,True,False,blocked_unsafe_known_structure,ordinary continuous primitive consumed sparse event or discrete state field,limit_up_any_close_not_open_in_t8|seal_circulation_rate,Mean|ZScore,EventCount|EventAge|EventTransition|StateDwell|WindowStateCount,phase3ce1_typed_primitive_gate_v1_20260618,phase3ce1_g2_input_gate_smoke,g2_selector_input_smoke,mature_g2_candidate,blocked_unsafe_known_structure,reject,upstream typed gate already rejected row
cn_factor_event_x_flow_0409,"CSRank(Mul(ZScore(Mean($limit_up_any_close_not_open_in_t9,5)),ZScore(Mean($amount,10))))",event_x_flow,interaction_factor,limit_up_any_close_not_open_in_t9|amount,True,phase3aa_event_0397_cn_factor_event_x_flow_0409,event_derived_feature_layer,True,False,blocked_unsafe_known_structure,ordinary continuous primitive consumed sparse event or discrete state field,limit_up_any_close_not_open_in_t9,Mean|ZScore,EventCount|EventAge|EventTransition|StateDwell|WindowStateCount,phase3ce1_typed_primitive_gate_v1_20260618,phase3ce1_g2_input_gate_smoke,g2_selector_input_smoke,mature_g2_candidate,blocked_unsafe_known_structure,reject,upstream typed gate already rejected row
cn_factor_event_x_flow_0410,"CSRank(Mul(ZScore(Mean($limit_up_any_close_not_open_in_t9,5)),ZScore(Mean($turnover_ratio,10))))",event_x_flow,interaction_factor,limit_up_any_close_not_open_in_t9|turnover_ratio,True,phase3aa_event_0398_cn_factor_event_x_flow_0410,event_derived_feature_layer,True,False,blocked_unsafe_known_structure,ordinary continuous primitive consumed sparse event or discrete state field,limit_up_any_close_not_open_in_t9,Mean|ZScore,EventCount|EventAge|EventTransition|StateDwell|WindowStateCount,phase3ce1_typed_primitive_gate_v1_20260618,phase3ce1_g2_input_gate_smoke,g2_selector_input_smoke,mature_g2_candidate,blocked_unsafe_known_structure,reject,upstream typed gate already rejected row
cn_factor_event_x_flow_0411,"CSRank(Mul(ZScore(Mean($limit_up_any_close_not_open_in_t9,5)),ZScore(Mean($turnover_ratio_real,10))))",event_x_flow,interaction_factor,limit_up_any_close_not_open_in_t9|turnover_ratio_real,True,phase3aa_event_0399_cn_factor_event_x_flow_0411,event_derived_feature_layer,True,False,blocked_unsafe_known_structure,ordinary continuous primitive consumed sparse event or discrete state field,limit_up_any_close_not_open_in_t9,Mean|ZScore,EventCount|EventAge|EventTransition|StateDwell|WindowStateCount,phase3ce1_typed_primitive_gate_v1_20260618,phase3ce1_g2_input_gate_smoke,g2_selector_input_smoke,mature_g2_candidate,blocked_unsafe_known_structure,reject,upstream typed gate already rejected row
cn_factor_event_x_flow_0412,"CSRank(Mul(ZScore(Mean($limit_up_any_close_not_open_in_t9,5)),ZScore(Mean($seal_money,10))))",event_x_flow,interaction_factor,limit_up_any_close_not_open_in_t9|seal_money,True,phase3aa_event_0400_cn_factor_event_x_flow_0412,event_derived_feature_layer,True,False,blocked_unsafe_known_structure,ordinary continuous primitive consumed sparse event or discrete state field,limit_up_any_close_not_open_in_t9|seal_money,Mean|ZScore,EventCount|EventAge|EventTransition|StateDwell|WindowStateCount,phase3ce1_typed_primitive_gate_v1_20260618,phase3ce1_g2_input_gate_smoke,g2_selector_input_smoke,mature_g2_candidate,blocked_unsafe_known_structure,reject,upstream typed gate already rejected row
cn_factor_event_x_flow_0413,"CSRank(Mul(ZScore(Mean($limit_up_any_close_not_open_in_t9,5)),ZScore(Mean($seal_rate,10))))",event_x_flow,interaction_factor,limit_up_any_close_not_open_in_t9|seal_rate,True,phase3aa_event_0401_cn_factor_event_x_flow_0413,event_derived_feature_layer,True,False,blocked_unsafe_known_structure,ordinary continuous primitive consumed sparse event or discrete state field,limit_up_any_close_not_open_in_t9|seal_rate,Mean|ZScore,EventCount|EventAge|EventTransition|StateDwell|WindowStateCount,phase3ce1_typed_primitive_gate_v1_20260618,phase3ce1_g2_input_gate_smoke,g2_selector_input_smoke,mature_g2_candidate,blocked_unsafe_known_structure,reject,upstream typed gate already rejected row
cn_factor_event_x_flow_0414,"CSRank(Mul(ZScore(Mean($limit_up_any_close_not_open_in_t9,5)),ZScore(Mean($seal_circulation_rate,10))))",event_x_flow,interaction_factor,limit_up_any_close_not_open_in_t9|seal_circulation_rate,True,phase3aa_event_0402_cn_factor_event_x_flow_0414,event_derived_feature_layer,True,False,blocked_unsafe_known_structure,ordinary continuous primitive consumed sparse event or discrete state field,limit_up_any_close_not_open_in_t9|seal_circulation_rate,Mean|ZScore,EventCount|EventAge|EventTransition|StateDwell|WindowStateCount,phase3ce1_typed_primitive_gate_v1_20260618,phase3ce1_g2_input_gate_smoke,g2_selector_input_smoke,mature_g2_candidate,blocked_unsafe_known_structure,reject,upstream typed gate already rejected row
cn_factor_event_x_flow_0415,"CSRank(Mul(ZScore(Mean($limit_up_any_open_not_close_in_t10,5)),ZScore(Mean($amount,10))))",event_x_flow,interaction_factor,limit_up_any_open_not_close_in_t10|amount,True,phase3aa_event_0403_cn_factor_event_x_flow_0415,event_derived_feature_layer,True,False,blocked_unsafe_known_structure,ordinary continuous primitive consumed sparse event or discrete state field,limit_up_any_open_not_close_in_t10,Mean|ZScore,EventCount|EventAge|EventTransition|StateDwell|WindowStateCount,phase3ce1_typed_primitive_gate_v1_20260618,phase3ce1_g2_input_gate_smoke,g2_selector_input_smoke,mature_g2_candidate,blocked_unsafe_known_structure,reject,upstream typed gate already rejected row
cn_factor_event_x_flow_0416,"CSRank(Mul(ZScore(Mean($limit_up_any_open_not_close_in_t10,5)),ZScore(Mean($turnover_ratio,10))))",event_x_flow,interaction_factor,limit_up_any_open_not_close_in_t10|turnover_ratio,True,phase3aa_event_0404_cn_factor_event_x_flow_0416,event_derived_feature_layer,True,False,blocked_unsafe_known_structure,ordinary continuous primitive consumed sparse event or discrete state field,limit_up_any_open_not_close_in_t10,Mean|ZScore,EventCount|EventAge|EventTransition|StateDwell|WindowStateCount,phase3ce1_typed_primitive_gate_v1_20260618,phase3ce1_g2_input_gate_smoke,g2_selector_input_smoke,mature_g2_candidate,blocked_unsafe_known_structure,reject,upstream typed gate already rejected row
cn_factor_event_x_flow_0417,"CSRank(Mul(ZScore(Mean($limit_up_any_open_not_close_in_t10,5)),ZScore(Mean($turnover_ratio_real,10))))",event_x_flow,interaction_factor,limit_up_any_open_not_close_in_t10|turnover_ratio_real,True,phase3aa_event_0405_cn_factor_event_x_flow_0417,event_derived_feature_layer,True,False,blocked_unsafe_known_structure,ordinary continuous primitive consumed sparse event or discrete state field,limit_up_any_open_not_close_in_t10,Mean|ZScore,EventCount|EventAge|EventTransition|StateDwell|WindowStateCount,phase3ce1_typed_primitive_gate_v1_20260618,phase3ce1_g2_input_gate_smoke,g2_selector_input_smoke,mature_g2_candidate,blocked_unsafe_known_structure,reject,upstream typed gate already rejected row
cn_factor_event_x_flow_0418,"CSRank(Mul(ZScore(Mean($limit_up_any_open_not_close_in_t10,5)),ZScore(Mean($seal_money,10))))",event_x_flow,interaction_factor,limit_up_any_open_not_close_in_t10|seal_money,True,phase3aa_event_0406_cn_factor_event_x_flow_0418,event_derived_feature_layer,True,False,blocked_unsafe_known_structure,ordinary continuous primitive consumed sparse event or discrete state field,limit_up_any_open_not_close_in_t10|seal_money,Mean|ZScore,EventCount|EventAge|EventTransition|StateDwell|WindowStateCount,phase3ce1_typed_primitive_gate_v1_20260618,phase3ce1_g2_input_gate_smoke,g2_selector_input_smoke,mature_g2_candidate,blocked_unsafe_known_structure,reject,upstream typed gate already rejected row
cn_factor_event_x_flow_0419,"CSRank(Mul(ZScore(Mean($limit_up_any_open_not_close_in_t10,5)),ZScore(Mean($seal_rate,10))))",event_x_flow,interaction_factor,limit_up_any_open_not_close_in_t10|seal_rate,True,phase3aa_event_0407_cn_factor_event_x_flow_0419,event_derived_feature_layer,True,False,blocked_unsafe_known_structure,ordinary continuous primitive consumed sparse event or discrete state field,limit_up_any_open_not_close_in_t10|seal_rate,Mean|ZScore,EventCount|EventAge|EventTransition|StateDwell|WindowStateCount,phase3ce1_typed_primitive_gate_v1_20260618,phase3ce1_g2_input_gate_smoke,g2_selector_input_smoke,mature_g2_candidate,blocked_unsafe_known_structure,reject,upstream typed gate already rejected row
cn_factor_event_x_flow_0420,"CSRank(Mul(ZScore(Mean($limit_up_any_open_not_close_in_t10,5)),ZScore(Mean($seal_circulation_rate,10))))",event_x_flow,interaction_factor,limit_up_any_open_not_close_in_t10|seal_circulation_rate,True,phase3aa_event_0408_cn_factor_event_x_flow_0420,event_derived_feature_layer,True,False,blocked_unsafe_known_structure,ordinary continuous primitive consumed sparse event or discrete state field,limit_up_any_open_not_close_in_t10|seal_circulation_rate,Mean|ZScore,EventCount|EventAge|EventTransition|StateDwell|WindowStateCount,phase3ce1_typed_primitive_gate_v1_20260618,phase3ce1_g2_input_gate_smoke,g2_selector_input_smoke,mature_g2_candidate,blocked_unsafe_known_structure,reject,upstream typed gate already rejected row
cn_factor_event_x_flow_0421,"CSRank(Mul(ZScore(Mean($limit_up_any_open_not_close_in_t2,5)),ZScore(Mean($amount,10))))",event_x_flow,interaction_factor,limit_up_any_open_not_close_in_t2|amount,True,phase3aa_event_0409_cn_factor_event_x_flow_0421,event_derived_feature_layer,True,False,blocked_unsafe_known_structure,ordinary continuous primitive consumed sparse event or discrete state field,limit_up_any_open_not_close_in_t2,Mean|ZScore,EventCount|EventAge|EventTransition|StateDwell|WindowStateCount,phase3ce1_typed_primitive_gate_v1_20260618,phase3ce1_g2_input_gate_smoke,g2_selector_input_smoke,mature_g2_candidate,blocked_unsafe_known_structure,reject,upstream typed gate already rejected row
cn_factor_event_x_flow_0422,"CSRank(Mul(ZScore(Mean($limit_up_any_open_not_close_in_t2,5)),ZScore(Mean($turnover_ratio,10))))",event_x_flow,interaction_factor,limit_up_any_open_not_close_in_t2|turnover_ratio,True,phase3aa_event_0410_cn_factor_event_x_flow_0422,event_derived_feature_layer,True,False,blocked_unsafe_known_structure,ordinary continuous primitive consumed sparse event or discrete state field,limit_up_any_open_not_close_in_t2,Mean|ZScore,EventCount|EventAge|EventTransition|StateDwell|WindowStateCount,phase3ce1_typed_primitive_gate_v1_20260618,phase3ce1_g2_input_gate_smoke,g2_selector_input_smoke,mature_g2_candidate,blocked_unsafe_known_structure,reject,upstream typed gate already rejected row
cn_factor_event_x_flow_0423,"CSRank(Mul(ZScore(Mean($limit_up_any_open_not_close_in_t2,5)),ZScore(Mean($turnover_ratio_real,10))))",event_x_flow,interaction_factor,limit_up_any_open_not_close_in_t2|turnover_ratio_real,True,phase3aa_event_0411_cn_factor_event_x_flow_0423,event_derived_feature_layer,True,False,blocked_unsafe_known_structure,ordinary continuous primitive consumed sparse event or discrete state field,limit_up_any_open_not_close_in_t2,Mean|ZScore,EventCount|EventAge|EventTransition|StateDwell|WindowStateCount,phase3ce1_typed_primitive_gate_v1_20260618,phase3ce1_g2_input_gate_smoke,g2_selector_input_smoke,mature_g2_candidate,blocked_unsafe_known_structure,reject,upstream typed gate already rejected row
cn_factor_event_x_flow_0424,"CSRank(Mul(ZScore(Mean($limit_up_any_open_not_close_in_t2,5)),ZScore(Mean($seal_money,10))))",event_x_flow,interaction_factor,limit_up_any_open_not_close_in_t2|seal_money,True,phase3aa_event_0412_cn_factor_event_x_flow_0424,event_derived_feature_layer,True,False,blocked_unsafe_known_structure,ordinary continuous primitive consumed sparse event or discrete state field,limit_up_any_open_not_close_in_t2|seal_money,Mean|ZScore,EventCount|EventAge|EventTransition|StateDwell|WindowStateCount,phase3ce1_typed_primitive_gate_v1_20260618,phase3ce1_g2_input_gate_smoke,g2_selector_input_smoke,mature_g2_candidate,blocked_unsafe_known_structure,reject,upstream typed gate already rejected row
cn_factor_event_x_flow_0425,"CSRank(Mul(ZScore(Mean($limit_up_any_open_not_close_in_t2,5)),ZScore(Mean($seal_rate,10))))",event_x_flow,interaction_factor,limit_up_any_open_not_close_in_t2|seal_rate,True,phase3aa_event_0413_cn_factor_event_x_flow_0425,event_derived_feature_layer,True,False,blocked_unsafe_known_structure,ordinary continuous primitive consumed sparse event or discrete state field,limit_up_any_open_not_close_in_t2|seal_rate,Mean|ZScore,EventCount|EventAge|EventTransition|StateDwell|WindowStateCount,phase3ce1_typed_primitive_gate_v1_20260618,phase3ce1_g2_input_gate_smoke,g2_selector_input_smoke,mature_g2_candidate,blocked_unsafe_known_structure,reject,upstream typed gate already rejected row
cn_factor_event_x_flow_0426,"CSRank(Mul(ZScore(Mean($limit_up_any_open_not_close_in_t2,5)),ZScore(Mean($seal_circulation_rate,10))))",event_x_flow,interaction_factor,limit_up_any_open_not_close_in_t2|seal_circulation_rate,True,phase3aa_event_0414_cn_factor_event_x_flow_0426,event_derived_feature_layer,True,False,blocked_unsafe_known_structure,ordinary continuous primitive consumed sparse event or discrete state field,limit_up_any_open_not_close_in_t2|seal_circulation_rate,Mean|ZScore,EventCount|EventAge|EventTransition|StateDwell|WindowStateCount,phase3ce1_typed_primitive_gate_v1_20260618,phase3ce1_g2_input_gate_smoke,g2_selector_input_smoke,mature_g2_candidate,blocked_unsafe_known_structure,reject,upstream typed gate already rejected row
cn_factor_event_x_flow_0427,"CSRank(Mul(ZScore(Mean($limit_up_any_open_not_close_in_t3,5)),ZScore(Mean($amount,10))))",event_x_flow,interaction_factor,limit_up_any_open_not_close_in_t3|amount,True,phase3aa_event_0415_cn_factor_event_x_flow_0427,event_derived_feature_layer,True,False,blocked_unsafe_known_structure,ordinary continuous primitive consumed sparse event or discrete state field,limit_up_any_open_not_close_in_t3,Mean|ZScore,EventCount|EventAge|EventTransition|StateDwell|WindowStateCount,phase3ce1_typed_primitive_gate_v1_20260618,phase3ce1_g2_input_gate_smoke,g2_selector_input_smoke,mature_g2_candidate,blocked_unsafe_known_structure,reject,upstream typed gate already rejected row
cn_factor_event_x_flow_0428,"CSRank(Mul(ZScore(Mean($limit_up_any_open_not_close_in_t3,5)),ZScore(Mean($turnover_ratio,10))))",event_x_flow,interaction_factor,limit_up_any_open_not_close_in_t3|turnover_ratio,True,phase3aa_event_0416_cn_factor_event_x_flow_0428,event_derived_feature_layer,True,False,blocked_unsafe_known_structure,ordinary continuous primitive consumed sparse event or discrete state field,limit_up_any_open_not_close_in_t3,Mean|ZScore,EventCount|EventAge|EventTransition|StateDwell|WindowStateCount,phase3ce1_typed_primitive_gate_v1_20260618,phase3ce1_g2_input_gate_smoke,g2_selector_input_smoke,mature_g2_candidate,blocked_unsafe_known_structure,reject,upstream typed gate already rejected row
cn_factor_event_x_flow_0429,"CSRank(Mul(ZScore(Mean($limit_up_any_open_not_close_in_t3,5)),ZScore(Mean($turnover_ratio_real,10))))",event_x_flow,interaction_factor,limit_up_any_open_not_close_in_t3|turnover_ratio_real,True,phase3aa_event_0417_cn_factor_event_x_flow_0429,event_derived_feature_layer,True,False,blocked_unsafe_known_structure,ordinary continuous primitive consumed sparse event or discrete state field,limit_up_any_open_not_close_in_t3,Mean|ZScore,EventCount|EventAge|EventTransition|StateDwell|WindowStateCount,phase3ce1_typed_primitive_gate_v1_20260618,phase3ce1_g2_input_gate_smoke,g2_selector_input_smoke,mature_g2_candidate,blocked_unsafe_known_structure,reject,upstream typed gate already rejected row
cn_factor_event_x_flow_0430,"CSRank(Mul(ZScore(Mean($limit_up_any_open_not_close_in_t3,5)),ZScore(Mean($seal_money,10))))",event_x_flow,interaction_factor,limit_up_any_open_not_close_in_t3|seal_money,True,phase3aa_event_0418_cn_factor_event_x_flow_0430,event_derived_feature_layer,True,False,blocked_unsafe_known_structure,ordinary continuous primitive consumed sparse event or discrete state field,limit_up_any_open_not_close_in_t3|seal_money,Mean|ZScore,EventCount|EventAge|EventTransition|StateDwell|WindowStateCount,phase3ce1_typed_primitive_gate_v1_20260618,phase3ce1_g2_input_gate_smoke,g2_selector_input_smoke,mature_g2_candidate,blocked_unsafe_known_structure,reject,upstream typed gate already rejected row
cn_factor_event_x_flow_0431,"CSRank(Mul(ZScore(Mean($limit_up_any_open_not_close_in_t3,5)),ZScore(Mean($seal_rate,10))))",event_x_flow,interaction_factor,limit_up_any_open_not_close_in_t3|seal_rate,True,phase3aa_event_0419_cn_factor_event_x_flow_0431,event_derived_feature_layer,True,False,blocked_unsafe_known_structure,ordinary continuous primitive consumed sparse event or discrete state field,limit_up_any_open_not_close_in_t3|seal_rate,Mean|ZScore,EventCount|EventAge|EventTransition|StateDwell|WindowStateCount,phase3ce1_typed_primitive_gate_v1_20260618,phase3ce1_g2_input_gate_smoke,g2_selector_input_smoke,mature_g2_candidate,blocked_unsafe_known_structure,reject,upstream typed gate already rejected row
cn_factor_event_x_flow_0432,"CSRank(Mul(ZScore(Mean($limit_up_any_open_not_close_in_t3,5)),ZScore(Mean($seal_circulation_rate,10))))",event_x_flow,interaction_factor,limit_up_any_open_not_close_in_t3|seal_circulation_rate,True,phase3aa_event_0420_cn_factor_event_x_flow_0432,event_derived_feature_layer,True,False,blocked_unsafe_known_structure,ordinary continuous primitive consumed sparse event or discrete state field,limit_up_any_open_not_close_in_t3|seal_circulation_rate,Mean|ZScore,EventCount|EventAge|EventTransition|StateDwell|WindowStateCount,phase3ce1_typed_primitive_gate_v1_20260618,phase3ce1_g2_input_gate_smoke,g2_selector_input_smoke,mature_g2_candidate,blocked_unsafe_known_structure,reject,upstream typed gate already rejected row
cn_factor_event_x_flow_0433,"CSRank(Mul(ZScore(Mean($limit_up_any_open_not_close_in_t4,5)),ZScore(Mean($amount,10))))",event_x_flow,interaction_factor,limit_up_any_open_not_close_in_t4|amount,True,phase3aa_event_0421_cn_factor_event_x_flow_0433,event_derived_feature_layer,True,False,blocked_unsafe_known_structure,ordinary continuous primitive consumed sparse event or discrete state field,limit_up_any_open_not_close_in_t4,Mean|ZScore,EventCount|EventAge|EventTransition|StateDwell|WindowStateCount,phase3ce1_typed_primitive_gate_v1_20260618,phase3ce1_g2_input_gate_smoke,g2_selector_input_smoke,mature_g2_candidate,blocked_unsafe_known_structure,reject,upstream typed gate already rejected row
cn_factor_event_x_flow_0434,"CSRank(Mul(ZScore(Mean($limit_up_any_open_not_close_in_t4,5)),ZScore(Mean($turnover_ratio,10))))",event_x_flow,interaction_factor,limit_up_any_open_not_close_in_t4|turnover_ratio,True,phase3aa_event_0422_cn_factor_event_x_flow_0434,event_derived_feature_layer,True,False,blocked_unsafe_known_structure,ordinary continuous primitive consumed sparse event or discrete state field,limit_up_any_open_not_close_in_t4,Mean|ZScore,EventCount|EventAge|EventTransition|StateDwell|WindowStateCount,phase3ce1_typed_primitive_gate_v1_20260618,phase3ce1_g2_input_gate_smoke,g2_selector_input_smoke,mature_g2_candidate,blocked_unsafe_known_structure,reject,upstream typed gate already rejected row
cn_factor_event_x_flow_0435,"CSRank(Mul(ZScore(Mean($limit_up_any_open_not_close_in_t4,5)),ZScore(Mean($turnover_ratio_real,10))))",event_x_flow,interaction_factor,limit_up_any_open_not_close_in_t4|turnover_ratio_real,True,phase3aa_event_0423_cn_factor_event_x_flow_0435,event_derived_feature_layer,True,False,blocked_unsafe_known_structure,ordinary continuous primitive consumed sparse event or discrete state field,limit_up_any_open_not_close_in_t4,Mean|ZScore,EventCount|EventAge|EventTransition|StateDwell|WindowStateCount,phase3ce1_typed_primitive_gate_v1_20260618,phase3ce1_g2_input_gate_smoke,g2_selector_input_smoke,mature_g2_candidate,blocked_unsafe_known_structure,reject,upstream typed gate already rejected row
cn_factor_event_x_flow_0436,"CSRank(Mul(ZScore(Mean($limit_up_any_open_not_close_in_t4,5)),ZScore(Mean($seal_money,10))))",event_x_flow,interaction_factor,limit_up_any_open_not_close_in_t4|seal_money,True,phase3aa_event_0424_cn_factor_event_x_flow_0436,event_derived_feature_layer,True,False,blocked_unsafe_known_structure,ordinary continuous primitive consumed sparse event or discrete state field,limit_up_any_open_not_close_in_t4|seal_money,Mean|ZScore,EventCount|EventAge|EventTransition|StateDwell|WindowStateCount,phase3ce1_typed_primitive_gate_v1_20260618,phase3ce1_g2_input_gate_smoke,g2_selector_input_smoke,mature_g2_candidate,blocked_unsafe_known_structure,reject,upstream typed gate already rejected row
cn_factor_event_x_flow_0437,"CSRank(Mul(ZScore(Mean($limit_up_any_open_not_close_in_t4,5)),ZScore(Mean($seal_rate,10))))",event_x_flow,interaction_factor,limit_up_any_open_not_close_in_t4|seal_rate,True,phase3aa_event_0425_cn_factor_event_x_flow_0437,event_derived_feature_layer,True,False,blocked_unsafe_known_structure,ordinary continuous primitive consumed sparse event or discrete state field,limit_up_any_open_not_close_in_t4|seal_rate,Mean|ZScore,EventCount|EventAge|EventTransition|StateDwell|WindowStateCount,phase3ce1_typed_primitive_gate_v1_20260618,phase3ce1_g2_input_gate_smoke,g2_selector_input_smoke,mature_g2_candidate,blocked_unsafe_known_structure,reject,upstream typed gate already rejected row
cn_factor_event_x_flow_0438,"CSRank(Mul(ZScore(Mean($limit_up_any_open_not_close_in_t4,5)),ZScore(Mean($seal_circulation_rate,10))))",event_x_flow,interaction_factor,limit_up_any_open_not_close_in_t4|seal_circulation_rate,True,phase3aa_event_0426_cn_factor_event_x_flow_0438,event_derived_feature_layer,True,False,blocked_unsafe_known_structure,ordinary continuous primitive consumed sparse event or discrete state field,limit_up_any_open_not_close_in_t4|seal_circulation_rate,Mean|ZScore,EventCount|EventAge|EventTransition|StateDwell|WindowStateCount,phase3ce1_typed_primitive_gate_v1_20260618,phase3ce1_g2_input_gate_smoke,g2_selector_input_smoke,mature_g2_candidate,blocked_unsafe_known_structure,reject,upstream typed gate already rejected row
cn_factor_event_x_flow_0439,"CSRank(Mul(ZScore(Mean($limit_up_any_open_not_close_in_t5,5)),ZScore(Mean($amount,10))))",event_x_flow,interaction_factor,limit_up_any_open_not_close_in_t5|amount,True,phase3aa_event_0427_cn_factor_event_x_flow_0439,event_derived_feature_layer,True,False,blocked_unsafe_known_structure,ordinary continuous primitive consumed sparse event or discrete state field,limit_up_any_open_not_close_in_t5,Mean|ZScore,EventCount|EventAge|EventTransition|StateDwell|WindowStateCount,phase3ce1_typed_primitive_gate_v1_20260618,phase3ce1_g2_input_gate_smoke,g2_selector_input_smoke,mature_g2_candidate,blocked_unsafe_known_structure,reject,upstream typed gate already rejected row
cn_factor_event_x_flow_0440,"CSRank(Mul(ZScore(Mean($limit_up_any_open_not_close_in_t5,5)),ZScore(Mean($turnover_ratio,10))))",event_x_flow,interaction_factor,limit_up_any_open_not_close_in_t5|turnover_ratio,True,phase3aa_event_0428_cn_factor_event_x_flow_0440,event_derived_feature_layer,True,False,blocked_unsafe_known_structure,ordinary continuous primitive consumed sparse event or discrete state field,limit_up_any_open_not_close_in_t5,Mean|ZScore,EventCount|EventAge|EventTransition|StateDwell|WindowStateCount,phase3ce1_typed_primitive_gate_v1_20260618,phase3ce1_g2_input_gate_smoke,g2_selector_input_smoke,mature_g2_candidate,blocked_unsafe_known_structure,reject,upstream typed gate already rejected row
cn_factor_event_x_flow_0441,"CSRank(Mul(ZScore(Mean($limit_up_any_open_not_close_in_t5,5)),ZScore(Mean($turnover_ratio_real,10))))",event_x_flow,interaction_factor,limit_up_any_open_not_close_in_t5|turnover_ratio_real,True,phase3aa_event_0429_cn_factor_event_x_flow_0441,event_derived_feature_layer,True,False,blocked_unsafe_known_structure,ordinary continuous primitive consumed sparse event or discrete state field,limit_up_any_open_not_close_in_t5,Mean|ZScore,EventCount|EventAge|EventTransition|StateDwell|WindowStateCount,phase3ce1_typed_primitive_gate_v1_20260618,phase3ce1_g2_input_gate_smoke,g2_selector_input_smoke,mature_g2_candidate,blocked_unsafe_known_structure,reject,upstream typed gate already rejected row
cn_factor_event_x_flow_0442,"CSRank(Mul(ZScore(Mean($limit_up_any_open_not_close_in_t5,5)),ZScore(Mean($seal_money,10))))",event_x_flow,interaction_factor,limit_up_any_open_not_close_in_t5|seal_money,True,phase3aa_event_0430_cn_factor_event_x_flow_0442,event_derived_feature_layer,True,False,blocked_unsafe_known_structure,ordinary continuous primitive consumed sparse event or discrete state field,limit_up_any_open_not_close_in_t5|seal_money,Mean|ZScore,EventCount|EventAge|EventTransition|StateDwell|WindowStateCount,phase3ce1_typed_primitive_gate_v1_20260618,phase3ce1_g2_input_gate_smoke,g2_selector_input_smoke,mature_g2_candidate,blocked_unsafe_known_structure,reject,upstream typed gate already rejected row
cn_factor_event_x_flow_0443,"CSRank(Mul(ZScore(Mean($limit_up_any_open_not_close_in_t5,5)),ZScore(Mean($seal_rate,10))))",event_x_flow,interaction_factor,limit_up_any_open_not_close_in_t5|seal_rate,True,phase3aa_event_0431_cn_factor_event_x_flow_0443,event_derived_feature_layer,True,False,blocked_unsafe_known_structure,ordinary continuous primitive consumed sparse event or discrete state field,limit_up_any_open_not_close_in_t5|seal_rate,Mean|ZScore,EventCount|EventAge|EventTransition|StateDwell|WindowStateCount,phase3ce1_typed_primitive_gate_v1_20260618,phase3ce1_g2_input_gate_smoke,g2_selector_input_smoke,mature_g2_candidate,blocked_unsafe_known_structure,reject,upstream typed gate already rejected row
cn_factor_event_x_flow_0444,"CSRank(Mul(ZScore(Mean($limit_up_any_open_not_close_in_t5,5)),ZScore(Mean($seal_circulation_rate,10))))",event_x_flow,interaction_factor,limit_up_any_open_not_close_in_t5|seal_circulation_rate,True,phase3aa_event_0432_cn_factor_event_x_flow_0444,event_derived_feature_layer,True,False,blocked_unsafe_known_structure,ordinary continuous primitive consumed sparse event or discrete state field,limit_up_any_open_not_close_in_t5|seal_circulation_rate,Mean|ZScore,EventCount|EventAge|EventTransition|StateDwell|WindowStateCount,phase3ce1_typed_primitive_gate_v1_20260618,phase3ce1_g2_input_gate_smoke,g2_selector_input_smoke,mature_g2_candidate,blocked_unsafe_known_structure,reject,upstream typed gate already rejected row
cn_factor_event_x_flow_0445,"CSRank(Mul(ZScore(Mean($limit_up_any_open_not_close_in_t6,5)),ZScore(Mean($amount,10))))",event_x_flow,interaction_factor,limit_up_any_open_not_close_in_t6|amount,True,phase3aa_event_0433_cn_factor_event_x_flow_0445,event_derived_feature_layer,True,False,blocked_unsafe_known_structure,ordinary continuous primitive consumed sparse event or discrete state field,limit_up_any_open_not_close_in_t6,Mean|ZScore,EventCount|EventAge|EventTransition|StateDwell|WindowStateCount,phase3ce1_typed_primitive_gate_v1_20260618,phase3ce1_g2_input_gate_smoke,g2_selector_input_smoke,mature_g2_candidate,blocked_unsafe_known_structure,reject,upstream typed gate already rejected row
cn_factor_event_x_flow_0446,"CSRank(Mul(ZScore(Mean($limit_up_any_open_not_close_in_t6,5)),ZScore(Mean($turnover_ratio,10))))",event_x_flow,interaction_factor,limit_up_any_open_not_close_in_t6|turnover_ratio,True,phase3aa_event_0434_cn_factor_event_x_flow_0446,event_derived_feature_layer,True,False,blocked_unsafe_known_structure,ordinary continuous primitive consumed sparse event or discrete state field,limit_up_any_open_not_close_in_t6,Mean|ZScore,EventCount|EventAge|EventTransition|StateDwell|WindowStateCount,phase3ce1_typed_primitive_gate_v1_20260618,phase3ce1_g2_input_gate_smoke,g2_selector_input_smoke,mature_g2_candidate,blocked_unsafe_known_structure,reject,upstream typed gate already rejected row
cn_factor_event_x_flow_0447,"CSRank(Mul(ZScore(Mean($limit_up_any_open_not_close_in_t6,5)),ZScore(Mean($turnover_ratio_real,10))))",event_x_flow,interaction_factor,limit_up_any_open_not_close_in_t6|turnover_ratio_real,True,phase3aa_event_0435_cn_factor_event_x_flow_0447,event_derived_feature_layer,True,False,blocked_unsafe_known_structure,ordinary continuous primitive consumed sparse event or discrete state field,limit_up_any_open_not_close_in_t6,Mean|ZScore,EventCount|EventAge|EventTransition|StateDwell|WindowStateCount,phase3ce1_typed_primitive_gate_v1_20260618,phase3ce1_g2_input_gate_smoke,g2_selector_input_smoke,mature_g2_candidate,blocked_unsafe_known_structure,reject,upstream typed gate already rejected row
cn_factor_event_x_flow_0448,"CSRank(Mul(ZScore(Mean($limit_up_any_open_not_close_in_t6,5)),ZScore(Mean($seal_money,10))))",event_x_flow,interaction_factor,limit_up_any_open_not_close_in_t6|seal_money,True,phase3aa_event_0436_cn_factor_event_x_flow_0448,event_derived_feature_layer,True,False,blocked_unsafe_known_structure,ordinary continuous primitive consumed sparse event or discrete state field,limit_up_any_open_not_close_in_t6|seal_money,Mean|ZScore,EventCount|EventAge|EventTransition|StateDwell|WindowStateCount,phase3ce1_typed_primitive_gate_v1_20260618,phase3ce1_g2_input_gate_smoke,g2_selector_input_smoke,mature_g2_candidate,blocked_unsafe_known_structure,reject,upstream typed gate already rejected row
cn_factor_event_x_flow_0449,"CSRank(Mul(ZScore(Mean($limit_up_any_open_not_close_in_t6,5)),ZScore(Mean($seal_rate,10))))",event_x_flow,interaction_factor,limit_up_any_open_not_close_in_t6|seal_rate,True,phase3aa_event_0437_cn_factor_event_x_flow_0449,event_derived_feature_layer,True,False,blocked_unsafe_known_structure,ordinary continuous primitive consumed sparse event or discrete state field,limit_up_any_open_not_close_in_t6|seal_rate,Mean|ZScore,EventCount|EventAge|EventTransition|StateDwell|WindowStateCount,phase3ce1_typed_primitive_gate_v1_20260618,phase3ce1_g2_input_gate_smoke,g2_selector_input_smoke,mature_g2_candidate,blocked_unsafe_known_structure,reject,upstream typed gate already rejected row
cn_factor_event_x_flow_0450,"CSRank(Mul(ZScore(Mean($limit_up_any_open_not_close_in_t6,5)),ZScore(Mean($seal_circulation_rate,10))))",event_x_flow,interaction_factor,limit_up_any_open_not_close_in_t6|seal_circulation_rate,True,phase3aa_event_0438_cn_factor_event_x_flow_0450,event_derived_feature_layer,True,False,blocked_unsafe_known_structure,ordinary continuous primitive consumed sparse event or discrete state field,limit_up_any_open_not_close_in_t6|seal_circulation_rate,Mean|ZScore,EventCount|EventAge|EventTransition|StateDwell|WindowStateCount,phase3ce1_typed_primitive_gate_v1_20260618,phase3ce1_g2_input_gate_smoke,g2_selector_input_smoke,mature_g2_candidate,blocked_unsafe_known_structure,reject,upstream typed gate already rejected row
cn_factor_event_x_flow_0451,"CSRank(Mul(ZScore(Mean($limit_up_any_open_not_close_in_t7,5)),ZScore(Mean($amount,10))))",event_x_flow,interaction_factor,limit_up_any_open_not_close_in_t7|amount,True,phase3aa_event_0439_cn_factor_event_x_flow_0451,event_derived_feature_layer,True,False,blocked_unsafe_known_structure,ordinary continuous primitive consumed sparse event or discrete state field,limit_up_any_open_not_close_in_t7,Mean|ZScore,EventCount|EventAge|EventTransition|StateDwell|WindowStateCount,phase3ce1_typed_primitive_gate_v1_20260618,phase3ce1_g2_input_gate_smoke,g2_selector_input_smoke,mature_g2_candidate,blocked_unsafe_known_structure,reject,upstream typed gate already rejected row
cn_factor_event_x_flow_0452,"CSRank(Mul(ZScore(Mean($limit_up_any_open_not_close_in_t7,5)),ZScore(Mean($turnover_ratio,10))))",event_x_flow,interaction_factor,limit_up_any_open_not_close_in_t7|turnover_ratio,True,phase3aa_event_0440_cn_factor_event_x_flow_0452,event_derived_feature_layer,True,False,blocked_unsafe_known_structure,ordinary continuous primitive consumed sparse event or discrete state field,limit_up_any_open_not_close_in_t7,Mean|ZScore,EventCount|EventAge|EventTransition|StateDwell|WindowStateCount,phase3ce1_typed_primitive_gate_v1_20260618,phase3ce1_g2_input_gate_smoke,g2_selector_input_smoke,mature_g2_candidate,blocked_unsafe_known_structure,reject,upstream typed gate already rejected row
cn_factor_event_x_flow_0453,"CSRank(Mul(ZScore(Mean($limit_up_any_open_not_close_in_t7,5)),ZScore(Mean($turnover_ratio_real,10))))",event_x_flow,interaction_factor,limit_up_any_open_not_close_in_t7|turnover_ratio_real,True,phase3aa_event_0441_cn_factor_event_x_flow_0453,event_derived_feature_layer,True,False,blocked_unsafe_known_structure,ordinary continuous primitive consumed sparse event or discrete state field,limit_up_any_open_not_close_in_t7,Mean|ZScore,EventCount|EventAge|EventTransition|StateDwell|WindowStateCount,phase3ce1_typed_primitive_gate_v1_20260618,phase3ce1_g2_input_gate_smoke,g2_selector_input_smoke,mature_g2_candidate,blocked_unsafe_known_structure,reject,upstream typed gate already rejected row
cn_factor_event_x_flow_0454,"CSRank(Mul(ZScore(Mean($limit_up_any_open_not_close_in_t7,5)),ZScore(Mean($seal_money,10))))",event_x_flow,interaction_factor,limit_up_any_open_not_close_in_t7|seal_money,True,phase3aa_event_0442_cn_factor_event_x_flow_0454,event_derived_feature_layer,True,False,blocked_unsafe_known_structure,ordinary continuous primitive consumed sparse event or discrete state field,limit_up_any_open_not_close_in_t7|seal_money,Mean|ZScore,EventCount|EventAge|EventTransition|StateDwell|WindowStateCount,phase3ce1_typed_primitive_gate_v1_20260618,phase3ce1_g2_input_gate_smoke,g2_selector_input_smoke,mature_g2_candidate,blocked_unsafe_known_structure,reject,upstream typed gate already rejected row
cn_factor_event_x_flow_0455,"CSRank(Mul(ZScore(Mean($limit_up_any_open_not_close_in_t7,5)),ZScore(Mean($seal_rate,10))))",event_x_flow,interaction_factor,limit_up_any_open_not_close_in_t7|seal_rate,True,phase3aa_event_0443_cn_factor_event_x_flow_0455,event_derived_feature_layer,True,False,blocked_unsafe_known_structure,ordinary continuous primitive consumed sparse event or discrete state field,limit_up_any_open_not_close_in_t7|seal_rate,Mean|ZScore,EventCount|EventAge|EventTransition|StateDwell|WindowStateCount,phase3ce1_typed_primitive_gate_v1_20260618,phase3ce1_g2_input_gate_smoke,g2_selector_input_smoke,mature_g2_candidate,blocked_unsafe_known_structure,reject,upstream typed gate already rejected row
cn_factor_event_x_flow_0456,"CSRank(Mul(ZScore(Mean($limit_up_any_open_not_close_in_t7,5)),ZScore(Mean($seal_circulation_rate,10))))",event_x_flow,interaction_factor,limit_up_any_open_not_close_in_t7|seal_circulation_rate,True,phase3aa_event_0444_cn_factor_event_x_flow_0456,event_derived_feature_layer,True,False,blocked_unsafe_known_structure,ordinary continuous primitive consumed sparse event or discrete state field,limit_up_any_open_not_close_in_t7|seal_circulation_rate,Mean|ZScore,EventCount|EventAge|EventTransition|StateDwell|WindowStateCount,phase3ce1_typed_primitive_gate_v1_20260618,phase3ce1_g2_input_gate_smoke,g2_selector_input_smoke,mature_g2_candidate,blocked_unsafe_known_structure,reject,upstream typed gate already rejected row
cn_factor_event_x_flow_0457,"CSRank(Mul(ZScore(Mean($limit_up_any_open_not_close_in_t8,5)),ZScore(Mean($amount,10))))",event_x_flow,interaction_factor,limit_up_any_open_not_close_in_t8|amount,True,phase3aa_event_0445_cn_factor_event_x_flow_0457,event_derived_feature_layer,True,False,blocked_unsafe_known_structure,ordinary continuous primitive consumed sparse event or discrete state field,limit_up_any_open_not_close_in_t8,Mean|ZScore,EventCount|EventAge|EventTransition|StateDwell|WindowStateCount,phase3ce1_typed_primitive_gate_v1_20260618,phase3ce1_g2_input_gate_smoke,g2_selector_input_smoke,mature_g2_candidate,blocked_unsafe_known_structure,reject,upstream typed gate already rejected row
cn_factor_event_x_flow_0458,"CSRank(Mul(ZScore(Mean($limit_up_any_open_not_close_in_t8,5)),ZScore(Mean($turnover_ratio,10))))",event_x_flow,interaction_factor,limit_up_any_open_not_close_in_t8|turnover_ratio,True,phase3aa_event_0446_cn_factor_event_x_flow_0458,event_derived_feature_layer,True,False,blocked_unsafe_known_structure,ordinary continuous primitive consumed sparse event or discrete state field,limit_up_any_open_not_close_in_t8,Mean|ZScore,EventCount|EventAge|EventTransition|StateDwell|WindowStateCount,phase3ce1_typed_primitive_gate_v1_20260618,phase3ce1_g2_input_gate_smoke,g2_selector_input_smoke,mature_g2_candidate,blocked_unsafe_known_structure,reject,upstream typed gate already rejected row
cn_factor_event_x_flow_0459,"CSRank(Mul(ZScore(Mean($limit_up_any_open_not_close_in_t8,5)),ZScore(Mean($turnover_ratio_real,10))))",event_x_flow,interaction_factor,limit_up_any_open_not_close_in_t8|turnover_ratio_real,True,phase3aa_event_0447_cn_factor_event_x_flow_0459,event_derived_feature_layer,True,False,blocked_unsafe_known_structure,ordinary continuous primitive consumed sparse event or discrete state field,limit_up_any_open_not_close_in_t8,Mean|ZScore,EventCount|EventAge|EventTransition|StateDwell|WindowStateCount,phase3ce1_typed_primitive_gate_v1_20260618,phase3ce1_g2_input_gate_smoke,g2_selector_input_smoke,mature_g2_candidate,blocked_unsafe_known_structure,reject,upstream typed gate already rejected row
cn_factor_event_x_flow_0460,"CSRank(Mul(ZScore(Mean($limit_up_any_open_not_close_in_t8,5)),ZScore(Mean($seal_money,10))))",event_x_flow,interaction_factor,limit_up_any_open_not_close_in_t8|seal_money,True,phase3aa_event_0448_cn_factor_event_x_flow_0460,event_derived_feature_layer,True,False,blocked_unsafe_known_structure,ordinary continuous primitive consumed sparse event or discrete state field,limit_up_any_open_not_close_in_t8|seal_money,Mean|ZScore,EventCount|EventAge|EventTransition|StateDwell|WindowStateCount,phase3ce1_typed_primitive_gate_v1_20260618,phase3ce1_g2_input_gate_smoke,g2_selector_input_smoke,mature_g2_candidate,blocked_unsafe_known_structure,reject,upstream typed gate already rejected row
cn_factor_event_x_flow_0461,"CSRank(Mul(ZScore(Mean($limit_up_any_open_not_close_in_t8,5)),ZScore(Mean($seal_rate,10))))",event_x_flow,interaction_factor,limit_up_any_open_not_close_in_t8|seal_rate,True,phase3aa_event_0449_cn_factor_event_x_flow_0461,event_derived_feature_layer,True,False,blocked_unsafe_known_structure,ordinary continuous primitive consumed sparse event or discrete state field,limit_up_any_open_not_close_in_t8|seal_rate,Mean|ZScore,EventCount|EventAge|EventTransition|StateDwell|WindowStateCount,phase3ce1_typed_primitive_gate_v1_20260618,phase3ce1_g2_input_gate_smoke,g2_selector_input_smoke,mature_g2_candidate,blocked_unsafe_known_structure,reject,upstream typed gate already rejected row
cn_factor_event_x_flow_0462,"CSRank(Mul(ZScore(Mean($limit_up_any_open_not_close_in_t8,5)),ZScore(Mean($seal_circulation_rate,10))))",event_x_flow,interaction_factor,limit_up_any_open_not_close_in_t8|seal_circulation_rate,True,phase3aa_event_0450_cn_factor_event_x_flow_0462,event_derived_feature_layer,True,False,blocked_unsafe_known_structure,ordinary continuous primitive consumed sparse event or discrete state field,limit_up_any_open_not_close_in_t8|seal_circulation_rate,Mean|ZScore,EventCount|EventAge|EventTransition|StateDwell|WindowStateCount,phase3ce1_typed_primitive_gate_v1_20260618,phase3ce1_g2_input_gate_smoke,g2_selector_input_smoke,mature_g2_candidate,blocked_unsafe_known_structure,reject,upstream typed gate already rejected row
cn_factor_event_x_flow_0463,"CSRank(Mul(ZScore(Mean($limit_up_any_open_not_close_in_t9,5)),ZScore(Mean($amount,10))))",event_x_flow,interaction_factor,limit_up_any_open_not_close_in_t9|amount,True,phase3aa_event_0451_cn_factor_event_x_flow_0463,event_derived_feature_layer,True,False,blocked_unsafe_known_structure,ordinary continuous primitive consumed sparse event or discrete state field,limit_up_any_open_not_close_in_t9,Mean|ZScore,EventCount|EventAge|EventTransition|StateDwell|WindowStateCount,phase3ce1_typed_primitive_gate_v1_20260618,phase3ce1_g2_input_gate_smoke,g2_selector_input_smoke,mature_g2_candidate,blocked_unsafe_known_structure,reject,upstream typed gate already rejected row
cn_factor_event_x_flow_0464,"CSRank(Mul(ZScore(Mean($limit_up_any_open_not_close_in_t9,5)),ZScore(Mean($turnover_ratio,10))))",event_x_flow,interaction_factor,limit_up_any_open_not_close_in_t9|turnover_ratio,True,phase3aa_event_0452_cn_factor_event_x_flow_0464,event_derived_feature_layer,True,False,blocked_unsafe_known_structure,ordinary continuous primitive consumed sparse event or discrete state field,limit_up_any_open_not_close_in_t9,Mean|ZScore,EventCount|EventAge|EventTransition|StateDwell|WindowStateCount,phase3ce1_typed_primitive_gate_v1_20260618,phase3ce1_g2_input_gate_smoke,g2_selector_input_smoke,mature_g2_candidate,blocked_unsafe_known_structure,reject,upstream typed gate already rejected row
cn_factor_event_x_flow_0465,"CSRank(Mul(ZScore(Mean($limit_up_any_open_not_close_in_t9,5)),ZScore(Mean($turnover_ratio_real,10))))",event_x_flow,interaction_factor,limit_up_any_open_not_close_in_t9|turnover_ratio_real,True,phase3aa_event_0453_cn_factor_event_x_flow_0465,event_derived_feature_layer,True,False,blocked_unsafe_known_structure,ordinary continuous primitive consumed sparse event or discrete state field,limit_up_any_open_not_close_in_t9,Mean|ZScore,EventCount|EventAge|EventTransition|StateDwell|WindowStateCount,phase3ce1_typed_primitive_gate_v1_20260618,phase3ce1_g2_input_gate_smoke,g2_selector_input_smoke,mature_g2_candidate,blocked_unsafe_known_structure,reject,upstream typed gate already rejected row
cn_factor_event_x_flow_0466,"CSRank(Mul(ZScore(Mean($limit_up_any_open_not_close_in_t9,5)),ZScore(Mean($seal_money,10))))",event_x_flow,interaction_factor,limit_up_any_open_not_close_in_t9|seal_money,True,phase3aa_event_0454_cn_factor_event_x_flow_0466,event_derived_feature_layer,True,False,blocked_unsafe_known_structure,ordinary continuous primitive consumed sparse event or discrete state field,limit_up_any_open_not_close_in_t9|seal_money,Mean|ZScore,EventCount|EventAge|EventTransition|StateDwell|WindowStateCount,phase3ce1_typed_primitive_gate_v1_20260618,phase3ce1_g2_input_gate_smoke,g2_selector_input_smoke,mature_g2_candidate,blocked_unsafe_known_structure,reject,upstream typed gate already rejected row
cn_factor_event_x_flow_0467,"CSRank(Mul(ZScore(Mean($limit_up_any_open_not_close_in_t9,5)),ZScore(Mean($seal_rate,10))))",event_x_flow,interaction_factor,limit_up_any_open_not_close_in_t9|seal_rate,True,phase3aa_event_0455_cn_factor_event_x_flow_0467,event_derived_feature_layer,True,False,blocked_unsafe_known_structure,ordinary continuous primitive consumed sparse event or discrete state field,limit_up_any_open_not_close_in_t9|seal_rate,Mean|ZScore,EventCount|EventAge|EventTransition|StateDwell|WindowStateCount,phase3ce1_typed_primitive_gate_v1_20260618,phase3ce1_g2_input_gate_smoke,g2_selector_input_smoke,mature_g2_candidate,blocked_unsafe_known_structure,reject,upstream typed gate already rejected row
cn_factor_event_x_flow_0468,"CSRank(Mul(ZScore(Mean($limit_up_any_open_not_close_in_t9,5)),ZScore(Mean($seal_circulation_rate,10))))",event_x_flow,interaction_factor,limit_up_any_open_not_close_in_t9|seal_circulation_rate,True,phase3aa_event_0456_cn_factor_event_x_flow_0468,event_derived_feature_layer,True,False,blocked_unsafe_known_structure,ordinary continuous primitive consumed sparse event or discrete state field,limit_up_any_open_not_close_in_t9|seal_circulation_rate,Mean|ZScore,EventCount|EventAge|EventTransition|StateDwell|WindowStateCount,phase3ce1_typed_primitive_gate_v1_20260618,phase3ce1_g2_input_gate_smoke,g2_selector_input_smoke,mature_g2_candidate,blocked_unsafe_known_structure,reject,upstream typed gate already rejected row
cn_factor_event_x_flow_0469,"CSRank(Mul(ZScore(Mean($limit_up_close_not_open,5)),ZScore(Mean($amount,10))))",event_x_flow,interaction_factor,limit_up_close_not_open|amount,True,phase3aa_event_0457_cn_factor_event_x_flow_0469,event_derived_feature_layer,True,False,blocked_unsafe_known_structure,ordinary continuous primitive consumed sparse event or discrete state field,limit_up_close_not_open,Mean|ZScore,EventCount|EventAge|EventTransition|StateDwell|WindowStateCount,phase3ce1_typed_primitive_gate_v1_20260618,phase3ce1_g2_input_gate_smoke,g2_selector_input_smoke,mature_g2_candidate,blocked_unsafe_known_structure,reject,upstream typed gate already rejected row
cn_factor_event_x_flow_0470,"CSRank(Mul(ZScore(Mean($limit_up_close_not_open,5)),ZScore(Mean($turnover_ratio,10))))",event_x_flow,interaction_factor,limit_up_close_not_open|turnover_ratio,True,phase3aa_event_0458_cn_factor_event_x_flow_0470,event_derived_feature_layer,True,False,blocked_unsafe_known_structure,ordinary continuous primitive consumed sparse event or discrete state field,limit_up_close_not_open,Mean|ZScore,EventCount|EventAge|EventTransition|StateDwell|WindowStateCount,phase3ce1_typed_primitive_gate_v1_20260618,phase3ce1_g2_input_gate_smoke,g2_selector_input_smoke,mature_g2_candidate,blocked_unsafe_known_structure,reject,upstream typed gate already rejected row
cn_factor_event_x_flow_0471,"CSRank(Mul(ZScore(Mean($limit_up_close_not_open,5)),ZScore(Mean($turnover_ratio_real,10))))",event_x_flow,interaction_factor,limit_up_close_not_open|turnover_ratio_real,True,phase3aa_event_0459_cn_factor_event_x_flow_0471,event_derived_feature_layer,True,False,blocked_unsafe_known_structure,ordinary continuous primitive consumed sparse event or discrete state field,limit_up_close_not_open,Mean|ZScore,EventCount|EventAge|EventTransition|StateDwell|WindowStateCount,phase3ce1_typed_primitive_gate_v1_20260618,phase3ce1_g2_input_gate_smoke,g2_selector_input_smoke,mature_g2_candidate,blocked_unsafe_known_structure,reject,upstream typed gate already rejected row
cn_factor_event_x_flow_0472,"CSRank(Mul(ZScore(Mean($limit_up_close_not_open,5)),ZScore(Mean($seal_money,10))))",event_x_flow,interaction_factor,limit_up_close_not_open|seal_money,True,phase3aa_event_0460_cn_factor_event_x_flow_0472,event_derived_feature_layer,True,False,blocked_unsafe_known_structure,ordinary continuous primitive consumed sparse event or discrete state field,limit_up_close_not_open|seal_money,Mean|ZScore,EventCount|EventAge|EventTransition|StateDwell|WindowStateCount,phase3ce1_typed_primitive_gate_v1_20260618,phase3ce1_g2_input_gate_smoke,g2_selector_input_smoke,mature_g2_candidate,blocked_unsafe_known_structure,reject,upstream typed gate already rejected row
cn_factor_event_x_flow_0473,"CSRank(Mul(ZScore(Mean($limit_up_close_not_open,5)),ZScore(Mean($seal_rate,10))))",event_x_flow,interaction_factor,limit_up_close_not_open|seal_rate,True,phase3aa_event_0461_cn_factor_event_x_flow_0473,event_derived_feature_layer,True,False,blocked_unsafe_known_structure,ordinary continuous primitive consumed sparse event or discrete state field,limit_up_close_not_open|seal_rate,Mean|ZScore,EventCount|EventAge|EventTransition|StateDwell|WindowStateCount,phase3ce1_typed_primitive_gate_v1_20260618,phase3ce1_g2_input_gate_smoke,g2_selector_input_smoke,mature_g2_candidate,blocked_unsafe_known_structure,reject,upstream typed gate already rejected row
cn_factor_event_x_flow_0474,"CSRank(Mul(ZScore(Mean($limit_up_close_not_open,5)),ZScore(Mean($seal_circulation_rate,10))))",event_x_flow,interaction_factor,limit_up_close_not_open|seal_circulation_rate,True,phase3aa_event_0462_cn_factor_event_x_flow_0474,event_derived_feature_layer,True,False,blocked_unsafe_known_structure,ordinary continuous primitive consumed sparse event or discrete state field,limit_up_close_not_open|seal_circulation_rate,Mean|ZScore,EventCount|EventAge|EventTransition|StateDwell|WindowStateCount,phase3ce1_typed_primitive_gate_v1_20260618,phase3ce1_g2_input_gate_smoke,g2_selector_input_smoke,mature_g2_candidate,blocked_unsafe_known_structure,reject,upstream typed gate already rejected row
cn_factor_event_x_flow_0475,"CSRank(Mul(ZScore(Mean($limit_up_open_not_close,5)),ZScore(Mean($amount,10))))",event_x_flow,interaction_factor,limit_up_open_not_close|amount,True,phase3aa_event_0463_cn_factor_event_x_flow_0475,event_derived_feature_layer,True,False,blocked_unsafe_known_structure,ordinary continuous primitive consumed sparse event or discrete state field,limit_up_open_not_close,Mean|ZScore,EventCount|EventAge|EventTransition|StateDwell|WindowStateCount,phase3ce1_typed_primitive_gate_v1_20260618,phase3ce1_g2_input_gate_smoke,g2_selector_input_smoke,mature_g2_candidate,blocked_unsafe_known_structure,reject,upstream typed gate already rejected row
cn_factor_event_x_flow_0476,"CSRank(Mul(ZScore(Mean($limit_up_open_not_close,5)),ZScore(Mean($turnover_ratio,10))))",event_x_flow,interaction_factor,limit_up_open_not_close|turnover_ratio,True,phase3aa_event_0464_cn_factor_event_x_flow_0476,event_derived_feature_layer,True,False,blocked_unsafe_known_structure,ordinary continuous primitive consumed sparse event or discrete state field,limit_up_open_not_close,Mean|ZScore,EventCount|EventAge|EventTransition|StateDwell|WindowStateCount,phase3ce1_typed_primitive_gate_v1_20260618,phase3ce1_g2_input_gate_smoke,g2_selector_input_smoke,mature_g2_candidate,blocked_unsafe_known_structure,reject,upstream typed gate already rejected row
cn_factor_event_x_flow_0477,"CSRank(Mul(ZScore(Mean($limit_up_open_not_close,5)),ZScore(Mean($turnover_ratio_real,10))))",event_x_flow,interaction_factor,limit_up_open_not_close|turnover_ratio_real,True,phase3aa_event_0465_cn_factor_event_x_flow_0477,event_derived_feature_layer,True,False,blocked_unsafe_known_structure,ordinary continuous primitive consumed sparse event or discrete state field,limit_up_open_not_close,Mean|ZScore,EventCount|EventAge|EventTransition|StateDwell|WindowStateCount,phase3ce1_typed_primitive_gate_v1_20260618,phase3ce1_g2_input_gate_smoke,g2_selector_input_smoke,mature_g2_candidate,blocked_unsafe_known_structure,reject,upstream typed gate already rejected row
cn_factor_event_x_flow_0478,"CSRank(Mul(ZScore(Mean($limit_up_open_not_close,5)),ZScore(Mean($seal_money,10))))",event_x_flow,interaction_factor,limit_up_open_not_close|seal_money,True,phase3aa_event_0466_cn_factor_event_x_flow_0478,event_derived_feature_layer,True,False,blocked_unsafe_known_structure,ordinary continuous primitive consumed sparse event or discrete state field,limit_up_open_not_close|seal_money,Mean|ZScore,EventCount|EventAge|EventTransition|StateDwell|WindowStateCount,phase3ce1_typed_primitive_gate_v1_20260618,phase3ce1_g2_input_gate_smoke,g2_selector_input_smoke,mature_g2_candidate,blocked_unsafe_known_structure,reject,upstream typed gate already rejected row
cn_factor_event_x_flow_0479,"CSRank(Mul(ZScore(Mean($limit_up_open_not_close,5)),ZScore(Mean($seal_rate,10))))",event_x_flow,interaction_factor,limit_up_open_not_close|seal_rate,True,phase3aa_event_0467_cn_factor_event_x_flow_0479,event_derived_feature_layer,True,False,blocked_unsafe_known_structure,ordinary continuous primitive consumed sparse event or discrete state field,limit_up_open_not_close|seal_rate,Mean|ZScore,EventCount|EventAge|EventTransition|StateDwell|WindowStateCount,phase3ce1_typed_primitive_gate_v1_20260618,phase3ce1_g2_input_gate_smoke,g2_selector_input_smoke,mature_g2_candidate,blocked_unsafe_known_structure,reject,upstream typed gate already rejected row
cn_factor_event_x_flow_0480,"CSRank(Mul(ZScore(Mean($limit_up_open_not_close,5)),ZScore(Mean($seal_circulation_rate,10))))",event_x_flow,interaction_factor,limit_up_open_not_close|seal_circulation_rate,True,phase3aa_event_0468_cn_factor_event_x_flow_0480,event_derived_feature_layer,True,False,blocked_unsafe_known_structure,ordinary continuous primitive consumed sparse event or discrete state field,limit_up_open_not_close|seal_circulation_rate,Mean|ZScore,EventCount|EventAge|EventTransition|StateDwell|WindowStateCount,phase3ce1_typed_primitive_gate_v1_20260618,phase3ce1_g2_input_gate_smoke,g2_selector_input_smoke,mature_g2_candidate,blocked_unsafe_known_structure,reject,upstream typed gate already rejected row
cn_factor_event_x_flow_0481,"CSRank(Mul(ZScore(Mean($limit_up_touch_not_close,5)),ZScore(Mean($amount,10))))",event_x_flow,interaction_factor,limit_up_touch_not_close|amount,True,phase3aa_event_0469_cn_factor_event_x_flow_0481,event_derived_feature_layer,True,False,blocked_unsafe_known_structure,ordinary continuous primitive consumed sparse event or discrete state field,limit_up_touch_not_close,Mean|ZScore,EventCount|EventAge|EventTransition|StateDwell|WindowStateCount,phase3ce1_typed_primitive_gate_v1_20260618,phase3ce1_g2_input_gate_smoke,g2_selector_input_smoke,mature_g2_candidate,blocked_unsafe_known_structure,reject,upstream typed gate already rejected row
cn_factor_event_x_flow_0482,"CSRank(Mul(ZScore(Mean($limit_up_touch_not_close,5)),ZScore(Mean($turnover_ratio,10))))",event_x_flow,interaction_factor,limit_up_touch_not_close|turnover_ratio,True,phase3aa_event_0470_cn_factor_event_x_flow_0482,event_derived_feature_layer,True,False,blocked_unsafe_known_structure,ordinary continuous primitive consumed sparse event or discrete state field,limit_up_touch_not_close,Mean|ZScore,EventCount|EventAge|EventTransition|StateDwell|WindowStateCount,phase3ce1_typed_primitive_gate_v1_20260618,phase3ce1_g2_input_gate_smoke,g2_selector_input_smoke,mature_g2_candidate,blocked_unsafe_known_structure,reject,upstream typed gate already rejected row
cn_factor_event_x_flow_0483,"CSRank(Mul(ZScore(Mean($limit_up_touch_not_close,5)),ZScore(Mean($turnover_ratio_real,10))))",event_x_flow,interaction_factor,limit_up_touch_not_close|turnover_ratio_real,True,phase3aa_event_0471_cn_factor_event_x_flow_0483,event_derived_feature_layer,True,False,blocked_unsafe_known_structure,ordinary continuous primitive consumed sparse event or discrete state field,limit_up_touch_not_close,Mean|ZScore,EventCount|EventAge|EventTransition|StateDwell|WindowStateCount,phase3ce1_typed_primitive_gate_v1_20260618,phase3ce1_g2_input_gate_smoke,g2_selector_input_smoke,mature_g2_candidate,blocked_unsafe_known_structure,reject,upstream typed gate already rejected row
cn_factor_event_x_flow_0484,"CSRank(Mul(ZScore(Mean($limit_up_touch_not_close,5)),ZScore(Mean($seal_money,10))))",event_x_flow,interaction_factor,limit_up_touch_not_close|seal_money,True,phase3aa_event_0472_cn_factor_event_x_flow_0484,event_derived_feature_layer,True,False,blocked_unsafe_known_structure,ordinary continuous primitive consumed sparse event or discrete state field,limit_up_touch_not_close|seal_money,Mean|ZScore,EventCount|EventAge|EventTransition|StateDwell|WindowStateCount,phase3ce1_typed_primitive_gate_v1_20260618,phase3ce1_g2_input_gate_smoke,g2_selector_input_smoke,mature_g2_candidate,blocked_unsafe_known_structure,reject,upstream typed gate already rejected row
cn_factor_event_x_flow_0485,"CSRank(Mul(ZScore(Mean($limit_up_touch_not_close,5)),ZScore(Mean($seal_rate,10))))",event_x_flow,interaction_factor,limit_up_touch_not_close|seal_rate,True,phase3aa_event_0473_cn_factor_event_x_flow_0485,event_derived_feature_layer,True,False,blocked_unsafe_known_structure,ordinary continuous primitive consumed sparse event or discrete state field,limit_up_touch_not_close|seal_rate,Mean|ZScore,EventCount|EventAge|EventTransition|StateDwell|WindowStateCount,phase3ce1_typed_primitive_gate_v1_20260618,phase3ce1_g2_input_gate_smoke,g2_selector_input_smoke,mature_g2_candidate,blocked_unsafe_known_structure,reject,upstream typed gate already rejected row
cn_factor_event_x_flow_0486,"CSRank(Mul(ZScore(Mean($limit_up_touch_not_close,5)),ZScore(Mean($seal_circulation_rate,10))))",event_x_flow,interaction_factor,limit_up_touch_not_close|seal_circulation_rate,True,phase3aa_event_0474_cn_factor_event_x_flow_0486,event_derived_feature_layer,True,False,blocked_unsafe_known_structure,ordinary continuous primitive consumed sparse event or discrete state field,limit_up_touch_not_close|seal_circulation_rate,Mean|ZScore,EventCount|EventAge|EventTransition|StateDwell|WindowStateCount,phase3ce1_typed_primitive_gate_v1_20260618,phase3ce1_g2_input_gate_smoke,g2_selector_input_smoke,mature_g2_candidate,blocked_unsafe_known_structure,reject,upstream typed gate already rejected row
cn_factor_event_x_flow_0487,"CSRank(Mul(ZScore(Mean($high_board_rank,5)),ZScore(Mean($amount,10))))",event_x_flow,interaction_factor,high_board_rank|amount,True,phase3aa_event_0475_cn_factor_event_x_flow_0487,event_derived_feature_layer,True,False,blocked_unsafe_known_structure,ordinary continuous primitive consumed sparse event or discrete state field,high_board_rank,Mean|ZScore,EventCount|EventAge|EventTransition|StateDwell|WindowStateCount,phase3ce1_typed_primitive_gate_v1_20260618,phase3ce1_g2_input_gate_smoke,g2_selector_input_smoke,mature_g2_candidate,blocked_unsafe_known_structure,reject,upstream typed gate already rejected row
cn_factor_event_x_flow_0488,"CSRank(Mul(ZScore(Mean($high_board_rank,5)),ZScore(Mean($turnover_ratio,10))))",event_x_flow,interaction_factor,high_board_rank|turnover_ratio,True,phase3aa_event_0476_cn_factor_event_x_flow_0488,event_derived_feature_layer,True,False,blocked_unsafe_known_structure,ordinary continuous primitive consumed sparse event or discrete state field,high_board_rank,Mean|ZScore,EventCount|EventAge|EventTransition|StateDwell|WindowStateCount,phase3ce1_typed_primitive_gate_v1_20260618,phase3ce1_g2_input_gate_smoke,g2_selector_input_smoke,mature_g2_candidate,blocked_unsafe_known_structure,reject,upstream typed gate already rejected row
cn_factor_event_x_flow_0489,"CSRank(Mul(ZScore(Mean($high_board_rank,5)),ZScore(Mean($turnover_ratio_real,10))))",event_x_flow,interaction_factor,high_board_rank|turnover_ratio_real,True,phase3aa_event_0477_cn_factor_event_x_flow_0489,event_derived_feature_layer,True,False,blocked_unsafe_known_structure,ordinary continuous primitive consumed sparse event or discrete state field,high_board_rank,Mean|ZScore,EventCount|EventAge|EventTransition|StateDwell|WindowStateCount,phase3ce1_typed_primitive_gate_v1_20260618,phase3ce1_g2_input_gate_smoke,g2_selector_input_smoke,mature_g2_candidate,blocked_unsafe_known_structure,reject,upstream typed gate already rejected row
cn_factor_event_x_flow_0490,"CSRank(Mul(ZScore(Mean($high_board_rank,5)),ZScore(Mean($seal_money,10))))",event_x_flow,interaction_factor,high_board_rank|seal_money,True,phase3aa_event_0478_cn_factor_event_x_flow_0490,event_derived_feature_layer,True,False,blocked_unsafe_known_structure,ordinary continuous primitive consumed sparse event or discrete state field,high_board_rank|seal_money,Mean|ZScore,EventCount|EventAge|EventTransition|StateDwell|WindowStateCount,phase3ce1_typed_primitive_gate_v1_20260618,phase3ce1_g2_input_gate_smoke,g2_selector_input_smoke,mature_g2_candidate,blocked_unsafe_known_structure,reject,upstream typed gate already rejected row
cn_factor_event_x_flow_0491,"CSRank(Mul(ZScore(Mean($high_board_rank,5)),ZScore(Mean($seal_rate,10))))",event_x_flow,interaction_factor,high_board_rank|seal_rate,True,phase3aa_event_0479_cn_factor_event_x_flow_0491,event_derived_feature_layer,True,False,blocked_unsafe_known_structure,ordinary continuous primitive consumed sparse event or discrete state field,high_board_rank|seal_rate,Mean|ZScore,EventCount|EventAge|EventTransition|StateDwell|WindowStateCount,phase3ce1_typed_primitive_gate_v1_20260618,phase3ce1_g2_input_gate_smoke,g2_selector_input_smoke,mature_g2_candidate,blocked_unsafe_known_structure,reject,upstream typed gate already rejected row
cn_factor_event_x_flow_0492,"CSRank(Mul(ZScore(Mean($high_board_rank,5)),ZScore(Mean($seal_circulation_rate,10))))",event_x_flow,interaction_factor,high_board_rank|seal_circulation_rate,True,phase3aa_event_0480_cn_factor_event_x_flow_0492,event_derived_feature_layer,True,False,blocked_unsafe_known_structure,ordinary continuous primitive consumed sparse event or discrete state field,high_board_rank|seal_circulation_rate,Mean|ZScore,EventCount|EventAge|EventTransition|StateDwell|WindowStateCount,phase3ce1_typed_primitive_gate_v1_20260618,phase3ce1_g2_input_gate_smoke,g2_selector_input_smoke,mature_g2_candidate,blocked_unsafe_known_structure,reject,upstream typed gate already rejected row
cn_factor_event_x_flow_0493,"CSRank(Mul(ZScore(Mean($is_market_high_board,5)),ZScore(Mean($amount,10))))",event_x_flow,interaction_factor,is_market_high_board|amount,True,phase3aa_event_0481_cn_factor_event_x_flow_0493,event_derived_feature_layer,True,False,blocked_unsafe_known_structure,ordinary continuous primitive consumed sparse event or discrete state field,is_market_high_board,Mean|ZScore,EventCount|EventAge|EventTransition|StateDwell|WindowStateCount,phase3ce1_typed_primitive_gate_v1_20260618,phase3ce1_g2_input_gate_smoke,g2_selector_input_smoke,mature_g2_candidate,blocked_unsafe_known_structure,reject,upstream typed gate already rejected row
cn_factor_event_x_flow_0494,"CSRank(Mul(ZScore(Mean($is_market_high_board,5)),ZScore(Mean($turnover_ratio,10))))",event_x_flow,interaction_factor,is_market_high_board|turnover_ratio,True,phase3aa_event_0482_cn_factor_event_x_flow_0494,event_derived_feature_layer,True,False,blocked_unsafe_known_structure,ordinary continuous primitive consumed sparse event or discrete state field,is_market_high_board,Mean|ZScore,EventCount|EventAge|EventTransition|StateDwell|WindowStateCount,phase3ce1_typed_primitive_gate_v1_20260618,phase3ce1_g2_input_gate_smoke,g2_selector_input_smoke,mature_g2_candidate,blocked_unsafe_known_structure,reject,upstream typed gate already rejected row
cn_factor_event_x_flow_0495,"CSRank(Mul(ZScore(Mean($is_market_high_board,5)),ZScore(Mean($turnover_ratio_real,10))))",event_x_flow,interaction_factor,is_market_high_board|turnover_ratio_real,True,phase3aa_event_0483_cn_factor_event_x_flow_0495,event_derived_feature_layer,True,False,blocked_unsafe_known_structure,ordinary continuous primitive consumed sparse event or discrete state field,is_market_high_board,Mean|ZScore,EventCount|EventAge|EventTransition|StateDwell|WindowStateCount,phase3ce1_typed_primitive_gate_v1_20260618,phase3ce1_g2_input_gate_smoke,g2_selector_input_smoke,mature_g2_candidate,blocked_unsafe_known_structure,reject,upstream typed gate already rejected row
cn_factor_event_x_flow_0496,"CSRank(Mul(ZScore(Mean($is_market_high_board,5)),ZScore(Mean($seal_money,10))))",event_x_flow,interaction_factor,is_market_high_board|seal_money,True,phase3aa_event_0484_cn_factor_event_x_flow_0496,event_derived_feature_layer,True,False,blocked_unsafe_known_structure,ordinary continuous primitive consumed sparse event or discrete state field,is_market_high_board|seal_money,Mean|ZScore,EventCount|EventAge|EventTransition|StateDwell|WindowStateCount,phase3ce1_typed_primitive_gate_v1_20260618,phase3ce1_g2_input_gate_smoke,g2_selector_input_smoke,mature_g2_candidate,blocked_unsafe_known_structure,reject,upstream typed gate already rejected row
cn_factor_event_x_flow_0497,"CSRank(Mul(ZScore(Mean($is_market_high_board,5)),ZScore(Mean($seal_rate,10))))",event_x_flow,interaction_factor,is_market_high_board|seal_rate,True,phase3aa_event_0485_cn_factor_event_x_flow_0497,event_derived_feature_layer,True,False,blocked_unsafe_known_structure,ordinary continuous primitive consumed sparse event or discrete state field,is_market_high_board|seal_rate,Mean|ZScore,EventCount|EventAge|EventTransition|StateDwell|WindowStateCount,phase3ce1_typed_primitive_gate_v1_20260618,phase3ce1_g2_input_gate_smoke,g2_selector_input_smoke,mature_g2_candidate,blocked_unsafe_known_structure,reject,upstream typed gate already rejected row
cn_factor_event_x_flow_0498,"CSRank(Mul(ZScore(Mean($is_market_high_board,5)),ZScore(Mean($seal_circulation_rate,10))))",event_x_flow,interaction_factor,is_market_high_board|seal_circulation_rate,True,phase3aa_event_0486_cn_factor_event_x_flow_0498,event_derived_feature_layer,True,False,blocked_unsafe_known_structure,ordinary continuous primitive consumed sparse event or discrete state field,is_market_high_board|seal_circulation_rate,Mean|ZScore,EventCount|EventAge|EventTransition|StateDwell|WindowStateCount,phase3ce1_typed_primitive_gate_v1_20260618,phase3ce1_g2_input_gate_smoke,g2_selector_input_smoke,mature_g2_candidate,blocked_unsafe_known_structure,reject,upstream typed gate already rejected row
cn_factor_event_x_flow_0499,"CSRank(Mul(ZScore(Mean($limit_up_break,5)),ZScore(Mean($amount,10))))",event_x_flow,interaction_factor,limit_up_break|amount,True,phase3aa_event_0487_cn_factor_event_x_flow_0499,event_derived_feature_layer,True,False,blocked_unsafe_known_structure,ordinary continuous primitive consumed sparse event or discrete state field,limit_up_break,Mean|ZScore,EventCount|EventAge|EventTransition|StateDwell|WindowStateCount,phase3ce1_typed_primitive_gate_v1_20260618,phase3ce1_g2_input_gate_smoke,g2_selector_input_smoke,mature_g2_candidate,blocked_unsafe_known_structure,reject,upstream typed gate already rejected row
cn_factor_event_x_flow_0500,"CSRank(Mul(ZScore(Mean($limit_up_break,5)),ZScore(Mean($turnover_ratio,10))))",event_x_flow,interaction_factor,limit_up_break|turnover_ratio,True,phase3aa_event_0488_cn_factor_event_x_flow_0500,event_derived_feature_layer,True,False,blocked_unsafe_known_structure,ordinary continuous primitive consumed sparse event or discrete state field,limit_up_break,Mean|ZScore,EventCount|EventAge|EventTransition|StateDwell|WindowStateCount,phase3ce1_typed_primitive_gate_v1_20260618,phase3ce1_g2_input_gate_smoke,g2_selector_input_smoke,mature_g2_candidate,blocked_unsafe_known_structure,reject,upstream typed gate already rejected row
cn_factor_event_x_flow_0501,"CSRank(Mul(ZScore(Mean($limit_up_break,5)),ZScore(Mean($turnover_ratio_real,10))))",event_x_flow,interaction_factor,limit_up_break|turnover_ratio_real,True,phase3aa_event_0489_cn_factor_event_x_flow_0501,event_derived_feature_layer,True,False,blocked_unsafe_known_structure,ordinary continuous primitive consumed sparse event or discrete state field,limit_up_break,Mean|ZScore,EventCount|EventAge|EventTransition|StateDwell|WindowStateCount,phase3ce1_typed_primitive_gate_v1_20260618,phase3ce1_g2_input_gate_smoke,g2_selector_input_smoke,mature_g2_candidate,blocked_unsafe_known_structure,reject,upstream typed gate already rejected row
cn_factor_event_x_flow_0502,"CSRank(Mul(ZScore(Mean($limit_up_break,5)),ZScore(Mean($seal_money,10))))",event_x_flow,interaction_factor,limit_up_break|seal_money,True,phase3aa_event_0490_cn_factor_event_x_flow_0502,event_derived_feature_layer,True,False,blocked_unsafe_known_structure,ordinary continuous primitive consumed sparse event or discrete state field,limit_up_break|seal_money,Mean|ZScore,EventCount|EventAge|EventTransition|StateDwell|WindowStateCount,phase3ce1_typed_primitive_gate_v1_20260618,phase3ce1_g2_input_gate_smoke,g2_selector_input_smoke,mature_g2_candidate,blocked_unsafe_known_structure,reject,upstream typed gate already rejected row
cn_factor_event_x_flow_0503,"CSRank(Mul(ZScore(Mean($limit_up_break,5)),ZScore(Mean($seal_rate,10))))",event_x_flow,interaction_factor,limit_up_break|seal_rate,True,phase3aa_event_0491_cn_factor_event_x_flow_0503,event_derived_feature_layer,True,False,blocked_unsafe_known_structure,ordinary continuous primitive consumed sparse event or discrete state field,limit_up_break|seal_rate,Mean|ZScore,EventCount|EventAge|EventTransition|StateDwell|WindowStateCount,phase3ce1_typed_primitive_gate_v1_20260618,phase3ce1_g2_input_gate_smoke,g2_selector_input_smoke,mature_g2_candidate,blocked_unsafe_known_structure,reject,upstream typed gate already rejected row
cn_factor_event_x_flow_0504,"CSRank(Mul(ZScore(Mean($limit_up_break,5)),ZScore(Mean($seal_circulation_rate,10))))",event_x_flow,interaction_factor,limit_up_break|seal_circulation_rate,True,phase3aa_event_0492_cn_factor_event_x_flow_0504,event_derived_feature_layer,True,False,blocked_unsafe_known_structure,ordinary continuous primitive consumed sparse event or discrete state field,limit_up_break|seal_circulation_rate,Mean|ZScore,EventCount|EventAge|EventTransition|StateDwell|WindowStateCount,phase3ce1_typed_primitive_gate_v1_20260618,phase3ce1_g2_input_gate_smoke,g2_selector_input_smoke,mature_g2_candidate,blocked_unsafe_known_structure,reject,upstream typed gate already rejected row
cn_factor_event_x_flow_0505,"CSRank(Mul(ZScore(Mean($limit_up_close_not_open_count_t10,5)),ZScore(Mean($amount,10))))",event_x_flow,interaction_factor,limit_up_close_not_open_count_t10|amount,True,phase3aa_event_0493_cn_factor_event_x_flow_0505,event_derived_feature_layer,True,False,blocked_unsafe_known_structure,ordinary continuous primitive consumed sparse event or discrete state field,limit_up_close_not_open_count_t10,Mean|ZScore,EventCount|EventAge|EventTransition|StateDwell|WindowStateCount,phase3ce1_typed_primitive_gate_v1_20260618,phase3ce1_g2_input_gate_smoke,g2_selector_input_smoke,mature_g2_candidate,blocked_unsafe_known_structure,reject,upstream typed gate already rejected row
cn_factor_event_x_flow_0506,"CSRank(Mul(ZScore(Mean($limit_up_close_not_open_count_t10,5)),ZScore(Mean($turnover_ratio,10))))",event_x_flow,interaction_factor,limit_up_close_not_open_count_t10|turnover_ratio,True,phase3aa_event_0494_cn_factor_event_x_flow_0506,event_derived_feature_layer,True,False,blocked_unsafe_known_structure,ordinary continuous primitive consumed sparse event or discrete state field,limit_up_close_not_open_count_t10,Mean|ZScore,EventCount|EventAge|EventTransition|StateDwell|WindowStateCount,phase3ce1_typed_primitive_gate_v1_20260618,phase3ce1_g2_input_gate_smoke,g2_selector_input_smoke,mature_g2_candidate,blocked_unsafe_known_structure,reject,upstream typed gate already rejected row
cn_factor_event_x_flow_0507,"CSRank(Mul(ZScore(Mean($limit_up_close_not_open_count_t10,5)),ZScore(Mean($turnover_ratio_real,10))))",event_x_flow,interaction_factor,limit_up_close_not_open_count_t10|turnover_ratio_real,True,phase3aa_event_0495_cn_factor_event_x_flow_0507,event_derived_feature_layer,True,False,blocked_unsafe_known_structure,ordinary continuous primitive consumed sparse event or discrete state field,limit_up_close_not_open_count_t10,Mean|ZScore,EventCount|EventAge|EventTransition|StateDwell|WindowStateCount,phase3ce1_typed_primitive_gate_v1_20260618,phase3ce1_g2_input_gate_smoke,g2_selector_input_smoke,mature_g2_candidate,blocked_unsafe_known_structure,reject,upstream typed gate already rejected row
cn_factor_event_x_flow_0508,"CSRank(Mul(ZScore(Mean($limit_up_close_not_open_count_t10,5)),ZScore(Mean($seal_money,10))))",event_x_flow,interaction_factor,limit_up_close_not_open_count_t10|seal_money,True,phase3aa_event_0496_cn_factor_event_x_flow_0508,event_derived_feature_layer,True,False,blocked_unsafe_known_structure,ordinary continuous primitive consumed sparse event or discrete state field,limit_up_close_not_open_count_t10|seal_money,Mean|ZScore,EventCount|EventAge|EventTransition|StateDwell|WindowStateCount,phase3ce1_typed_primitive_gate_v1_20260618,phase3ce1_g2_input_gate_smoke,g2_selector_input_smoke,mature_g2_candidate,blocked_unsafe_known_structure,reject,upstream typed gate already rejected row
cn_factor_event_x_flow_0509,"CSRank(Mul(ZScore(Mean($limit_up_close_not_open_count_t10,5)),ZScore(Mean($seal_rate,10))))",event_x_flow,interaction_factor,limit_up_close_not_open_count_t10|seal_rate,True,phase3aa_event_0497_cn_factor_event_x_flow_0509,event_derived_feature_layer,True,False,blocked_unsafe_known_structure,ordinary continuous primitive consumed sparse event or discrete state field,limit_up_close_not_open_count_t10|seal_rate,Mean|ZScore,EventCount|EventAge|EventTransition|StateDwell|WindowStateCount,phase3ce1_typed_primitive_gate_v1_20260618,phase3ce1_g2_input_gate_smoke,g2_selector_input_smoke,mature_g2_candidate,blocked_unsafe_known_structure,reject,upstream typed gate already rejected row
cn_factor_event_x_flow_0510,"CSRank(Mul(ZScore(Mean($limit_up_close_not_open_count_t10,5)),ZScore(Mean($seal_circulation_rate,10))))",event_x_flow,interaction_factor,limit_up_close_not_open_count_t10|seal_circulation_rate,True,phase3aa_event_0498_cn_factor_event_x_flow_0510,event_derived_feature_layer,True,False,blocked_unsafe_known_structure,ordinary continuous primitive consumed sparse event or discrete state field,limit_up_close_not_open_count_t10|seal_circulation_rate,Mean|ZScore,EventCount|EventAge|EventTransition|StateDwell|WindowStateCount,phase3ce1_typed_primitive_gate_v1_20260618,phase3ce1_g2_input_gate_smoke,g2_selector_input_smoke,mature_g2_candidate,blocked_unsafe_known_structure,reject,upstream typed gate already rejected row
cn_factor_event_x_flow_0511,"CSRank(Mul(ZScore(Mean($limit_up_close_not_open_count_t2,5)),ZScore(Mean($amount,10))))",event_x_flow,interaction_factor,limit_up_close_not_open_count_t2|amount,True,phase3aa_event_0499_cn_factor_event_x_flow_0511,event_derived_feature_layer,True,False,blocked_unsafe_known_structure,ordinary continuous primitive consumed sparse event or discrete state field,limit_up_close_not_open_count_t2,Mean|ZScore,EventCount|EventAge|EventTransition|StateDwell|WindowStateCount,phase3ce1_typed_primitive_gate_v1_20260618,phase3ce1_g2_input_gate_smoke,g2_selector_input_smoke,mature_g2_candidate,blocked_unsafe_known_structure,reject,upstream typed gate already rejected row
cn_factor_event_x_flow_0512,"CSRank(Mul(ZScore(Mean($limit_up_close_not_open_count_t2,5)),ZScore(Mean($turnover_ratio,10))))",event_x_flow,interaction_factor,limit_up_close_not_open_count_t2|turnover_ratio,True,phase3aa_event_0500_cn_factor_event_x_flow_0512,event_derived_feature_layer,True,False,blocked_unsafe_known_structure,ordinary continuous primitive consumed sparse event or discrete state field,limit_up_close_not_open_count_t2,Mean|ZScore,EventCount|EventAge|EventTransition|StateDwell|WindowStateCount,phase3ce1_typed_primitive_gate_v1_20260618,phase3ce1_g2_input_gate_smoke,g2_selector_input_smoke,mature_g2_candidate,blocked_unsafe_known_structure,reject,upstream typed gate already rejected row
cn_factor_event_x_flow_0513,"CSRank(Mul(ZScore(Mean($limit_up_close_not_open_count_t2,5)),ZScore(Mean($turnover_ratio_real,10))))",event_x_flow,interaction_factor,limit_up_close_not_open_count_t2|turnover_ratio_real,True,phase3aa_event_0501_cn_factor_event_x_flow_0513,event_derived_feature_layer,True,False,blocked_unsafe_known_structure,ordinary continuous primitive consumed sparse event or discrete state field,limit_up_close_not_open_count_t2,Mean|ZScore,EventCount|EventAge|EventTransition|StateDwell|WindowStateCount,phase3ce1_typed_primitive_gate_v1_20260618,phase3ce1_g2_input_gate_smoke,g2_selector_input_smoke,mature_g2_candidate,blocked_unsafe_known_structure,reject,upstream typed gate already rejected row
cn_factor_event_x_flow_0514,"CSRank(Mul(ZScore(Mean($limit_up_close_not_open_count_t2,5)),ZScore(Mean($seal_money,10))))",event_x_flow,interaction_factor,limit_up_close_not_open_count_t2|seal_money,True,phase3aa_event_0502_cn_factor_event_x_flow_0514,event_derived_feature_layer,True,False,blocked_unsafe_known_structure,ordinary continuous primitive consumed sparse event or discrete state field,limit_up_close_not_open_count_t2|seal_money,Mean|ZScore,EventCount|EventAge|EventTransition|StateDwell|WindowStateCount,phase3ce1_typed_primitive_gate_v1_20260618,phase3ce1_g2_input_gate_smoke,g2_selector_input_smoke,mature_g2_candidate,blocked_unsafe_known_structure,reject,upstream typed gate already rejected row
cn_factor_event_x_flow_0515,"CSRank(Mul(ZScore(Mean($limit_up_close_not_open_count_t2,5)),ZScore(Mean($seal_rate,10))))",event_x_flow,interaction_factor,limit_up_close_not_open_count_t2|seal_rate,True,phase3aa_event_0503_cn_factor_event_x_flow_0515,event_derived_feature_layer,True,False,blocked_unsafe_known_structure,ordinary continuous primitive consumed sparse event or discrete state field,limit_up_close_not_open_count_t2|seal_rate,Mean|ZScore,EventCount|EventAge|EventTransition|StateDwell|WindowStateCount,phase3ce1_typed_primitive_gate_v1_20260618,phase3ce1_g2_input_gate_smoke,g2_selector_input_smoke,mature_g2_candidate,blocked_unsafe_known_structure,reject,upstream typed gate already rejected row
cn_factor_event_x_flow_0516,"CSRank(Mul(ZScore(Mean($limit_up_close_not_open_count_t2,5)),ZScore(Mean($seal_circulation_rate,10))))",event_x_flow,interaction_factor,limit_up_close_not_open_count_t2|seal_circulation_rate,True,phase3aa_event_0504_cn_factor_event_x_flow_0516,event_derived_feature_layer,True,False,blocked_unsafe_known_structure,ordinary continuous primitive consumed sparse event or discrete state field,limit_up_close_not_open_count_t2|seal_circulation_rate,Mean|ZScore,EventCount|EventAge|EventTransition|StateDwell|WindowStateCount,phase3ce1_typed_primitive_gate_v1_20260618,phase3ce1_g2_input_gate_smoke,g2_selector_input_smoke,mature_g2_candidate,blocked_unsafe_known_structure,reject,upstream typed gate already rejected row
cn_factor_event_x_flow_0517,"CSRank(Mul(ZScore(Mean($limit_up_close_not_open_count_t3,5)),ZScore(Mean($amount,10))))",event_x_flow,interaction_factor,limit_up_close_not_open_count_t3|amount,True,phase3aa_event_0505_cn_factor_event_x_flow_0517,event_derived_feature_layer,True,False,blocked_unsafe_known_structure,ordinary continuous primitive consumed sparse event or discrete state field,limit_up_close_not_open_count_t3,Mean|ZScore,EventCount|EventAge|EventTransition|StateDwell|WindowStateCount,phase3ce1_typed_primitive_gate_v1_20260618,phase3ce1_g2_input_gate_smoke,g2_selector_input_smoke,mature_g2_candidate,blocked_unsafe_known_structure,reject,upstream typed gate already rejected row
cn_factor_event_x_flow_0518,"CSRank(Mul(ZScore(Mean($limit_up_close_not_open_count_t3,5)),ZScore(Mean($turnover_ratio,10))))",event_x_flow,interaction_factor,limit_up_close_not_open_count_t3|turnover_ratio,True,phase3aa_event_0506_cn_factor_event_x_flow_0518,event_derived_feature_layer,True,False,blocked_unsafe_known_structure,ordinary continuous primitive consumed sparse event or discrete state field,limit_up_close_not_open_count_t3,Mean|ZScore,EventCount|EventAge|EventTransition|StateDwell|WindowStateCount,phase3ce1_typed_primitive_gate_v1_20260618,phase3ce1_g2_input_gate_smoke,g2_selector_input_smoke,mature_g2_candidate,blocked_unsafe_known_structure,reject,upstream typed gate already rejected row
cn_factor_event_x_flow_0519,"CSRank(Mul(ZScore(Mean($limit_up_close_not_open_count_t3,5)),ZScore(Mean($turnover_ratio_real,10))))",event_x_flow,interaction_factor,limit_up_close_not_open_count_t3|turnover_ratio_real,True,phase3aa_event_0507_cn_factor_event_x_flow_0519,event_derived_feature_layer,True,False,blocked_unsafe_known_structure,ordinary continuous primitive consumed sparse event or discrete state field,limit_up_close_not_open_count_t3,Mean|ZScore,EventCount|EventAge|EventTransition|StateDwell|WindowStateCount,phase3ce1_typed_primitive_gate_v1_20260618,phase3ce1_g2_input_gate_smoke,g2_selector_input_smoke,mature_g2_candidate,blocked_unsafe_known_structure,reject,upstream typed gate already rejected row
cn_factor_event_x_flow_0520,"CSRank(Mul(ZScore(Mean($limit_up_close_not_open_count_t3,5)),ZScore(Mean($seal_money,10))))",event_x_flow,interaction_factor,limit_up_close_not_open_count_t3|seal_money,True,phase3aa_event_0508_cn_factor_event_x_flow_0520,event_derived_feature_layer,True,False,blocked_unsafe_known_structure,ordinary continuous primitive consumed sparse event or discrete state field,limit_up_close_not_open_count_t3|seal_money,Mean|ZScore,EventCount|EventAge|EventTransition|StateDwell|WindowStateCount,phase3ce1_typed_primitive_gate_v1_20260618,phase3ce1_g2_input_gate_smoke,g2_selector_input_smoke,mature_g2_candidate,blocked_unsafe_known_structure,reject,upstream typed gate already rejected row
cn_factor_event_x_flow_0521,"CSRank(Mul(ZScore(Mean($limit_up_close_not_open_count_t3,5)),ZScore(Mean($seal_rate,10))))",event_x_flow,interaction_factor,limit_up_close_not_open_count_t3|seal_rate,True,phase3aa_event_0509_cn_factor_event_x_flow_0521,event_derived_feature_layer,True,False,blocked_unsafe_known_structure,ordinary continuous primitive consumed sparse event or discrete state field,limit_up_close_not_open_count_t3|seal_rate,Mean|ZScore,EventCount|EventAge|EventTransition|StateDwell|WindowStateCount,phase3ce1_typed_primitive_gate_v1_20260618,phase3ce1_g2_input_gate_smoke,g2_selector_input_smoke,mature_g2_candidate,blocked_unsafe_known_structure,reject,upstream typed gate already rejected row
cn_factor_event_x_flow_0522,"CSRank(Mul(ZScore(Mean($limit_up_close_not_open_count_t3,5)),ZScore(Mean($seal_circulation_rate,10))))",event_x_flow,interaction_factor,limit_up_close_not_open_count_t3|seal_circulation_rate,True,phase3aa_event_0510_cn_factor_event_x_flow_0522,event_derived_feature_layer,True,False,blocked_unsafe_known_structure,ordinary continuous primitive consumed sparse event or discrete state field,limit_up_close_not_open_count_t3|seal_circulation_rate,Mean|ZScore,EventCount|EventAge|EventTransition|StateDwell|WindowStateCount,phase3ce1_typed_primitive_gate_v1_20260618,phase3ce1_g2_input_gate_smoke,g2_selector_input_smoke,mature_g2_candidate,blocked_unsafe_known_structure,reject,upstream typed gate already rejected row
cn_factor_event_x_flow_0523,"CSRank(Mul(ZScore(Mean($limit_up_close_not_open_count_t4,5)),ZScore(Mean($amount,10))))",event_x_flow,interaction_factor,limit_up_close_not_open_count_t4|amount,True,phase3aa_event_0511_cn_factor_event_x_flow_0523,event_derived_feature_layer,True,False,blocked_unsafe_known_structure,ordinary continuous primitive consumed sparse event or discrete state field,limit_up_close_not_open_count_t4,Mean|ZScore,EventCount|EventAge|EventTransition|StateDwell|WindowStateCount,phase3ce1_typed_primitive_gate_v1_20260618,phase3ce1_g2_input_gate_smoke,g2_selector_input_smoke,mature_g2_candidate,blocked_unsafe_known_structure,reject,upstream typed gate already rejected row
cn_factor_event_x_flow_0524,"CSRank(Mul(ZScore(Mean($limit_up_close_not_open_count_t4,5)),ZScore(Mean($turnover_ratio,10))))",event_x_flow,interaction_factor,limit_up_close_not_open_count_t4|turnover_ratio,True,phase3aa_event_0512_cn_factor_event_x_flow_0524,event_derived_feature_layer,True,False,blocked_unsafe_known_structure,ordinary continuous primitive consumed sparse event or discrete state field,limit_up_close_not_open_count_t4,Mean|ZScore,EventCount|EventAge|EventTransition|StateDwell|WindowStateCount,phase3ce1_typed_primitive_gate_v1_20260618,phase3ce1_g2_input_gate_smoke,g2_selector_input_smoke,mature_g2_candidate,blocked_unsafe_known_structure,reject,upstream typed gate already rejected row
cn_factor_event_x_flow_0525,"CSRank(Mul(ZScore(Mean($limit_up_close_not_open_count_t4,5)),ZScore(Mean($turnover_ratio_real,10))))",event_x_flow,interaction_factor,limit_up_close_not_open_count_t4|turnover_ratio_real,True,phase3aa_event_0513_cn_factor_event_x_flow_0525,event_derived_feature_layer,True,False,blocked_unsafe_known_structure,ordinary continuous primitive consumed sparse event or discrete state field,limit_up_close_not_open_count_t4,Mean|ZScore,EventCount|EventAge|EventTransition|StateDwell|WindowStateCount,phase3ce1_typed_primitive_gate_v1_20260618,phase3ce1_g2_input_gate_smoke,g2_selector_input_smoke,mature_g2_candidate,blocked_unsafe_known_structure,reject,upstream typed gate already rejected row
cn_factor_event_x_flow_0526,"CSRank(Mul(ZScore(Mean($limit_up_close_not_open_count_t4,5)),ZScore(Mean($seal_money,10))))",event_x_flow,interaction_factor,limit_up_close_not_open_count_t4|seal_money,True,phase3aa_event_0514_cn_factor_event_x_flow_0526,event_derived_feature_layer,True,False,blocked_unsafe_known_structure,ordinary continuous primitive consumed sparse event or discrete state field,limit_up_close_not_open_count_t4|seal_money,Mean|ZScore,EventCount|EventAge|EventTransition|StateDwell|WindowStateCount,phase3ce1_typed_primitive_gate_v1_20260618,phase3ce1_g2_input_gate_smoke,g2_selector_input_smoke,mature_g2_candidate,blocked_unsafe_known_structure,reject,upstream typed gate already rejected row
cn_factor_event_x_flow_0527,"CSRank(Mul(ZScore(Mean($limit_up_close_not_open_count_t4,5)),ZScore(Mean($seal_rate,10))))",event_x_flow,interaction_factor,limit_up_close_not_open_count_t4|seal_rate,True,phase3aa_event_0515_cn_factor_event_x_flow_0527,event_derived_feature_layer,True,False,blocked_unsafe_known_structure,ordinary continuous primitive consumed sparse event or discrete state field,limit_up_close_not_open_count_t4|seal_rate,Mean|ZScore,EventCount|EventAge|EventTransition|StateDwell|WindowStateCount,phase3ce1_typed_primitive_gate_v1_20260618,phase3ce1_g2_input_gate_smoke,g2_selector_input_smoke,mature_g2_candidate,blocked_unsafe_known_structure,reject,upstream typed gate already rejected row
cn_factor_event_x_flow_0528,"CSRank(Mul(ZScore(Mean($limit_up_close_not_open_count_t4,5)),ZScore(Mean($seal_circulation_rate,10))))",event_x_flow,interaction_factor,limit_up_close_not_open_count_t4|seal_circulation_rate,True,phase3aa_event_0516_cn_factor_event_x_flow_0528,event_derived_feature_layer,True,False,blocked_unsafe_known_structure,ordinary continuous primitive consumed sparse event or discrete state field,limit_up_close_not_open_count_t4|seal_circulation_rate,Mean|ZScore,EventCount|EventAge|EventTransition|StateDwell|WindowStateCount,phase3ce1_typed_primitive_gate_v1_20260618,phase3ce1_g2_input_gate_smoke,g2_selector_input_smoke,mature_g2_candidate,blocked_unsafe_known_structure,reject,upstream typed gate already rejected row
cn_factor_event_x_flow_0529,"CSRank(Mul(ZScore(Mean($limit_up_close_not_open_count_t5,5)),ZScore(Mean($amount,10))))",event_x_flow,interaction_factor,limit_up_close_not_open_count_t5|amount,True,phase3aa_event_0517_cn_factor_event_x_flow_0529,event_derived_feature_layer,True,False,blocked_unsafe_known_structure,ordinary continuous primitive consumed sparse event or discrete state field,limit_up_close_not_open_count_t5,Mean|ZScore,EventCount|EventAge|EventTransition|StateDwell|WindowStateCount,phase3ce1_typed_primitive_gate_v1_20260618,phase3ce1_g2_input_gate_smoke,g2_selector_input_smoke,mature_g2_candidate,blocked_unsafe_known_structure,reject,upstream typed gate already rejected row
cn_factor_event_x_flow_0530,"CSRank(Mul(ZScore(Mean($limit_up_close_not_open_count_t5,5)),ZScore(Mean($turnover_ratio,10))))",event_x_flow,interaction_factor,limit_up_close_not_open_count_t5|turnover_ratio,True,phase3aa_event_0518_cn_factor_event_x_flow_0530,event_derived_feature_layer,True,False,blocked_unsafe_known_structure,ordinary continuous primitive consumed sparse event or discrete state field,limit_up_close_not_open_count_t5,Mean|ZScore,EventCount|EventAge|EventTransition|StateDwell|WindowStateCount,phase3ce1_typed_primitive_gate_v1_20260618,phase3ce1_g2_input_gate_smoke,g2_selector_input_smoke,mature_g2_candidate,blocked_unsafe_known_structure,reject,upstream typed gate already rejected row
cn_factor_event_x_flow_0531,"CSRank(Mul(ZScore(Mean($limit_up_close_not_open_count_t5,5)),ZScore(Mean($turnover_ratio_real,10))))",event_x_flow,interaction_factor,limit_up_close_not_open_count_t5|turnover_ratio_real,True,phase3aa_event_0519_cn_factor_event_x_flow_0531,event_derived_feature_layer,True,False,blocked_unsafe_known_structure,ordinary continuous primitive consumed sparse event or discrete state field,limit_up_close_not_open_count_t5,Mean|ZScore,EventCount|EventAge|EventTransition|StateDwell|WindowStateCount,phase3ce1_typed_primitive_gate_v1_20260618,phase3ce1_g2_input_gate_smoke,g2_selector_input_smoke,mature_g2_candidate,blocked_unsafe_known_structure,reject,upstream typed gate already rejected row
cn_factor_event_x_flow_0532,"CSRank(Mul(ZScore(Mean($limit_up_close_not_open_count_t5,5)),ZScore(Mean($seal_money,10))))",event_x_flow,interaction_factor,limit_up_close_not_open_count_t5|seal_money,True,phase3aa_event_0520_cn_factor_event_x_flow_0532,event_derived_feature_layer,True,False,blocked_unsafe_known_structure,ordinary continuous primitive consumed sparse event or discrete state field,limit_up_close_not_open_count_t5|seal_money,Mean|ZScore,EventCount|EventAge|EventTransition|StateDwell|WindowStateCount,phase3ce1_typed_primitive_gate_v1_20260618,phase3ce1_g2_input_gate_smoke,g2_selector_input_smoke,mature_g2_candidate,blocked_unsafe_known_structure,reject,upstream typed gate already rejected row
cn_factor_event_x_flow_0533,"CSRank(Mul(ZScore(Mean($limit_up_close_not_open_count_t5,5)),ZScore(Mean($seal_rate,10))))",event_x_flow,interaction_factor,limit_up_close_not_open_count_t5|seal_rate,True,phase3aa_event_0521_cn_factor_event_x_flow_0533,event_derived_feature_layer,True,False,blocked_unsafe_known_structure,ordinary continuous primitive consumed sparse event or discrete state field,limit_up_close_not_open_count_t5|seal_rate,Mean|ZScore,EventCount|EventAge|EventTransition|StateDwell|WindowStateCount,phase3ce1_typed_primitive_gate_v1_20260618,phase3ce1_g2_input_gate_smoke,g2_selector_input_smoke,mature_g2_candidate,blocked_unsafe_known_structure,reject,upstream typed gate already rejected row
cn_factor_event_x_flow_0534,"CSRank(Mul(ZScore(Mean($limit_up_close_not_open_count_t5,5)),ZScore(Mean($seal_circulation_rate,10))))",event_x_flow,interaction_factor,limit_up_close_not_open_count_t5|seal_circulation_rate,True,phase3aa_event_0522_cn_factor_event_x_flow_0534,event_derived_feature_layer,True,False,blocked_unsafe_known_structure,ordinary continuous primitive consumed sparse event or discrete state field,limit_up_close_not_open_count_t5|seal_circulation_rate,Mean|ZScore,EventCount|EventAge|EventTransition|StateDwell|WindowStateCount,phase3ce1_typed_primitive_gate_v1_20260618,phase3ce1_g2_input_gate_smoke,g2_selector_input_smoke,mature_g2_candidate,blocked_unsafe_known_structure,reject,upstream typed gate already rejected row
cn_factor_event_x_flow_0535,"CSRank(Mul(ZScore(Mean($limit_up_close_not_open_count_t6,5)),ZScore(Mean($amount,10))))",event_x_flow,interaction_factor,limit_up_close_not_open_count_t6|amount,True,phase3aa_event_0523_cn_factor_event_x_flow_0535,event_derived_feature_layer,True,False,blocked_unsafe_known_structure,ordinary continuous primitive consumed sparse event or discrete state field,limit_up_close_not_open_count_t6,Mean|ZScore,EventCount|EventAge|EventTransition|StateDwell|WindowStateCount,phase3ce1_typed_primitive_gate_v1_20260618,phase3ce1_g2_input_gate_smoke,g2_selector_input_smoke,mature_g2_candidate,blocked_unsafe_known_structure,reject,upstream typed gate already rejected row
cn_factor_event_x_flow_0536,"CSRank(Mul(ZScore(Mean($limit_up_close_not_open_count_t6,5)),ZScore(Mean($turnover_ratio,10))))",event_x_flow,interaction_factor,limit_up_close_not_open_count_t6|turnover_ratio,True,phase3aa_event_0524_cn_factor_event_x_flow_0536,event_derived_feature_layer,True,False,blocked_unsafe_known_structure,ordinary continuous primitive consumed sparse event or discrete state field,limit_up_close_not_open_count_t6,Mean|ZScore,EventCount|EventAge|EventTransition|StateDwell|WindowStateCount,phase3ce1_typed_primitive_gate_v1_20260618,phase3ce1_g2_input_gate_smoke,g2_selector_input_smoke,mature_g2_candidate,blocked_unsafe_known_structure,reject,upstream typed gate already rejected row
cn_factor_event_x_flow_0537,"CSRank(Mul(ZScore(Mean($limit_up_close_not_open_count_t6,5)),ZScore(Mean($turnover_ratio_real,10))))",event_x_flow,interaction_factor,limit_up_close_not_open_count_t6|turnover_ratio_real,True,phase3aa_event_0525_cn_factor_event_x_flow_0537,event_derived_feature_layer,True,False,blocked_unsafe_known_structure,ordinary continuous primitive consumed sparse event or discrete state field,limit_up_close_not_open_count_t6,Mean|ZScore,EventCount|EventAge|EventTransition|StateDwell|WindowStateCount,phase3ce1_typed_primitive_gate_v1_20260618,phase3ce1_g2_input_gate_smoke,g2_selector_input_smoke,mature_g2_candidate,blocked_unsafe_known_structure,reject,upstream typed gate already rejected row
cn_factor_event_x_flow_0538,"CSRank(Mul(ZScore(Mean($limit_up_close_not_open_count_t6,5)),ZScore(Mean($seal_money,10))))",event_x_flow,interaction_factor,limit_up_close_not_open_count_t6|seal_money,True,phase3aa_event_0526_cn_factor_event_x_flow_0538,event_derived_feature_layer,True,False,blocked_unsafe_known_structure,ordinary continuous primitive consumed sparse event or discrete state field,limit_up_close_not_open_count_t6|seal_money,Mean|ZScore,EventCount|EventAge|EventTransition|StateDwell|WindowStateCount,phase3ce1_typed_primitive_gate_v1_20260618,phase3ce1_g2_input_gate_smoke,g2_selector_input_smoke,mature_g2_candidate,blocked_unsafe_known_structure,reject,upstream typed gate already rejected row
cn_factor_event_x_flow_0539,"CSRank(Mul(ZScore(Mean($limit_up_close_not_open_count_t6,5)),ZScore(Mean($seal_rate,10))))",event_x_flow,interaction_factor,limit_up_close_not_open_count_t6|seal_rate,True,phase3aa_event_0527_cn_factor_event_x_flow_0539,event_derived_feature_layer,True,False,blocked_unsafe_known_structure,ordinary continuous primitive consumed sparse event or discrete state field,limit_up_close_not_open_count_t6|seal_rate,Mean|ZScore,EventCount|EventAge|EventTransition|StateDwell|WindowStateCount,phase3ce1_typed_primitive_gate_v1_20260618,phase3ce1_g2_input_gate_smoke,g2_selector_input_smoke,mature_g2_candidate,blocked_unsafe_known_structure,reject,upstream typed gate already rejected row
cn_factor_event_x_flow_0540,"CSRank(Mul(ZScore(Mean($limit_up_close_not_open_count_t6,5)),ZScore(Mean($seal_circulation_rate,10))))",event_x_flow,interaction_factor,limit_up_close_not_open_count_t6|seal_circulation_rate,True,phase3aa_event_0528_cn_factor_event_x_flow_0540,event_derived_feature_layer,True,False,blocked_unsafe_known_structure,ordinary continuous primitive consumed sparse event or discrete state field,limit_up_close_not_open_count_t6|seal_circulation_rate,Mean|ZScore,EventCount|EventAge|EventTransition|StateDwell|WindowStateCount,phase3ce1_typed_primitive_gate_v1_20260618,phase3ce1_g2_input_gate_smoke,g2_selector_input_smoke,mature_g2_candidate,blocked_unsafe_known_structure,reject,upstream typed gate already rejected row
cn_factor_event_x_flow_0541,"CSRank(Mul(ZScore(Mean($limit_up_close_not_open_count_t7,5)),ZScore(Mean($amount,10))))",event_x_flow,interaction_factor,limit_up_close_not_open_count_t7|amount,True,phase3aa_event_0529_cn_factor_event_x_flow_0541,event_derived_feature_layer,True,False,blocked_unsafe_known_structure,ordinary continuous primitive consumed sparse event or discrete state field,limit_up_close_not_open_count_t7,Mean|ZScore,EventCount|EventAge|EventTransition|StateDwell|WindowStateCount,phase3ce1_typed_primitive_gate_v1_20260618,phase3ce1_g2_input_gate_smoke,g2_selector_input_smoke,mature_g2_candidate,blocked_unsafe_known_structure,reject,upstream typed gate already rejected row
cn_factor_event_x_flow_0542,"CSRank(Mul(ZScore(Mean($limit_up_close_not_open_count_t7,5)),ZScore(Mean($turnover_ratio,10))))",event_x_flow,interaction_factor,limit_up_close_not_open_count_t7|turnover_ratio,True,phase3aa_event_0530_cn_factor_event_x_flow_0542,event_derived_feature_layer,True,False,blocked_unsafe_known_structure,ordinary continuous primitive consumed sparse event or discrete state field,limit_up_close_not_open_count_t7,Mean|ZScore,EventCount|EventAge|EventTransition|StateDwell|WindowStateCount,phase3ce1_typed_primitive_gate_v1_20260618,phase3ce1_g2_input_gate_smoke,g2_selector_input_smoke,mature_g2_candidate,blocked_unsafe_known_structure,reject,upstream typed gate already rejected row
cn_factor_event_x_flow_0543,"CSRank(Mul(ZScore(Mean($limit_up_close_not_open_count_t7,5)),ZScore(Mean($turnover_ratio_real,10))))",event_x_flow,interaction_factor,limit_up_close_not_open_count_t7|turnover_ratio_real,True,phase3aa_event_0531_cn_factor_event_x_flow_0543,event_derived_feature_layer,True,False,blocked_unsafe_known_structure,ordinary continuous primitive consumed sparse event or discrete state field,limit_up_close_not_open_count_t7,Mean|ZScore,EventCount|EventAge|EventTransition|StateDwell|WindowStateCount,phase3ce1_typed_primitive_gate_v1_20260618,phase3ce1_g2_input_gate_smoke,g2_selector_input_smoke,mature_g2_candidate,blocked_unsafe_known_structure,reject,upstream typed gate already rejected row
cn_factor_event_x_flow_0544,"CSRank(Mul(ZScore(Mean($limit_up_close_not_open_count_t7,5)),ZScore(Mean($seal_money,10))))",event_x_flow,interaction_factor,limit_up_close_not_open_count_t7|seal_money,True,phase3aa_event_0532_cn_factor_event_x_flow_0544,event_derived_feature_layer,True,False,blocked_unsafe_known_structure,ordinary continuous primitive consumed sparse event or discrete state field,limit_up_close_not_open_count_t7|seal_money,Mean|ZScore,EventCount|EventAge|EventTransition|StateDwell|WindowStateCount,phase3ce1_typed_primitive_gate_v1_20260618,phase3ce1_g2_input_gate_smoke,g2_selector_input_smoke,mature_g2_candidate,blocked_unsafe_known_structure,reject,upstream typed gate already rejected row
cn_factor_event_x_flow_0545,"CSRank(Mul(ZScore(Mean($limit_up_close_not_open_count_t7,5)),ZScore(Mean($seal_rate,10))))",event_x_flow,interaction_factor,limit_up_close_not_open_count_t7|seal_rate,True,phase3aa_event_0533_cn_factor_event_x_flow_0545,event_derived_feature_layer,True,False,blocked_unsafe_known_structure,ordinary continuous primitive consumed sparse event or discrete state field,limit_up_close_not_open_count_t7|seal_rate,Mean|ZScore,EventCount|EventAge|EventTransition|StateDwell|WindowStateCount,phase3ce1_typed_primitive_gate_v1_20260618,phase3ce1_g2_input_gate_smoke,g2_selector_input_smoke,mature_g2_candidate,blocked_unsafe_known_structure,reject,upstream typed gate already rejected row
cn_factor_event_x_flow_0546,"CSRank(Mul(ZScore(Mean($limit_up_close_not_open_count_t7,5)),ZScore(Mean($seal_circulation_rate,10))))",event_x_flow,interaction_factor,limit_up_close_not_open_count_t7|seal_circulation_rate,True,phase3aa_event_0534_cn_factor_event_x_flow_0546,event_derived_feature_layer,True,False,blocked_unsafe_known_structure,ordinary continuous primitive consumed sparse event or discrete state field,limit_up_close_not_open_count_t7|seal_circulation_rate,Mean|ZScore,EventCount|EventAge|EventTransition|StateDwell|WindowStateCount,phase3ce1_typed_primitive_gate_v1_20260618,phase3ce1_g2_input_gate_smoke,g2_selector_input_smoke,mature_g2_candidate,blocked_unsafe_known_structure,reject,upstream typed gate already rejected row
cn_factor_event_x_flow_0547,"CSRank(Mul(ZScore(Mean($limit_up_close_not_open_count_t8,5)),ZScore(Mean($amount,10))))",event_x_flow,interaction_factor,limit_up_close_not_open_count_t8|amount,True,phase3aa_event_0535_cn_factor_event_x_flow_0547,event_derived_feature_layer,True,False,blocked_unsafe_known_structure,ordinary continuous primitive consumed sparse event or discrete state field,limit_up_close_not_open_count_t8,Mean|ZScore,EventCount|EventAge|EventTransition|StateDwell|WindowStateCount,phase3ce1_typed_primitive_gate_v1_20260618,phase3ce1_g2_input_gate_smoke,g2_selector_input_smoke,mature_g2_candidate,blocked_unsafe_known_structure,reject,upstream typed gate already rejected row
cn_factor_event_x_flow_0548,"CSRank(Mul(ZScore(Mean($limit_up_close_not_open_count_t8,5)),ZScore(Mean($turnover_ratio,10))))",event_x_flow,interaction_factor,limit_up_close_not_open_count_t8|turnover_ratio,True,phase3aa_event_0536_cn_factor_event_x_flow_0548,event_derived_feature_layer,True,False,blocked_unsafe_known_structure,ordinary continuous primitive consumed sparse event or discrete state field,limit_up_close_not_open_count_t8,Mean|ZScore,EventCount|EventAge|EventTransition|StateDwell|WindowStateCount,phase3ce1_typed_primitive_gate_v1_20260618,phase3ce1_g2_input_gate_smoke,g2_selector_input_smoke,mature_g2_candidate,blocked_unsafe_known_structure,reject,upstream typed gate already rejected row
cn_factor_event_x_flow_0549,"CSRank(Mul(ZScore(Mean($limit_up_close_not_open_count_t8,5)),ZScore(Mean($turnover_ratio_real,10))))",event_x_flow,interaction_factor,limit_up_close_not_open_count_t8|turnover_ratio_real,True,phase3aa_event_0537_cn_factor_event_x_flow_0549,event_derived_feature_layer,True,False,blocked_unsafe_known_structure,ordinary continuous primitive consumed sparse event or discrete state field,limit_up_close_not_open_count_t8,Mean|ZScore,EventCount|EventAge|EventTransition|StateDwell|WindowStateCount,phase3ce1_typed_primitive_gate_v1_20260618,phase3ce1_g2_input_gate_smoke,g2_selector_input_smoke,mature_g2_candidate,blocked_unsafe_known_structure,reject,upstream typed gate already rejected row
cn_factor_event_x_flow_0550,"CSRank(Mul(ZScore(Mean($limit_up_close_not_open_count_t8,5)),ZScore(Mean($seal_money,10))))",event_x_flow,interaction_factor,limit_up_close_not_open_count_t8|seal_money,True,phase3aa_event_0538_cn_factor_event_x_flow_0550,event_derived_feature_layer,True,False,blocked_unsafe_known_structure,ordinary continuous primitive consumed sparse event or discrete state field,limit_up_close_not_open_count_t8|seal_money,Mean|ZScore,EventCount|EventAge|EventTransition|StateDwell|WindowStateCount,phase3ce1_typed_primitive_gate_v1_20260618,phase3ce1_g2_input_gate_smoke,g2_selector_input_smoke,mature_g2_candidate,blocked_unsafe_known_structure,reject,upstream typed gate already rejected row
cn_factor_event_x_flow_0551,"CSRank(Mul(ZScore(Mean($limit_up_close_not_open_count_t8,5)),ZScore(Mean($seal_rate,10))))",event_x_flow,interaction_factor,limit_up_close_not_open_count_t8|seal_rate,True,phase3aa_event_0539_cn_factor_event_x_flow_0551,event_derived_feature_layer,True,False,blocked_unsafe_known_structure,ordinary continuous primitive consumed sparse event or discrete state field,limit_up_close_not_open_count_t8|seal_rate,Mean|ZScore,EventCount|EventAge|EventTransition|StateDwell|WindowStateCount,phase3ce1_typed_primitive_gate_v1_20260618,phase3ce1_g2_input_gate_smoke,g2_selector_input_smoke,mature_g2_candidate,blocked_unsafe_known_structure,reject,upstream typed gate already rejected row
cn_factor_event_x_flow_0552,"CSRank(Mul(ZScore(Mean($limit_up_close_not_open_count_t8,5)),ZScore(Mean($seal_circulation_rate,10))))",event_x_flow,interaction_factor,limit_up_close_not_open_count_t8|seal_circulation_rate,True,phase3aa_event_0540_cn_factor_event_x_flow_0552,event_derived_feature_layer,True,False,blocked_unsafe_known_structure,ordinary continuous primitive consumed sparse event or discrete state field,limit_up_close_not_open_count_t8|seal_circulation_rate,Mean|ZScore,EventCount|EventAge|EventTransition|StateDwell|WindowStateCount,phase3ce1_typed_primitive_gate_v1_20260618,phase3ce1_g2_input_gate_smoke,g2_selector_input_smoke,mature_g2_candidate,blocked_unsafe_known_structure,reject,upstream typed gate already rejected row
cn_factor_event_x_flow_0553,"CSRank(Mul(ZScore(Mean($limit_up_close_not_open_count_t9,5)),ZScore(Mean($amount,10))))",event_x_flow,interaction_factor,limit_up_close_not_open_count_t9|amount,True,phase3aa_event_0541_cn_factor_event_x_flow_0553,event_derived_feature_layer,True,False,blocked_unsafe_known_structure,ordinary continuous primitive consumed sparse event or discrete state field,limit_up_close_not_open_count_t9,Mean|ZScore,EventCount|EventAge|EventTransition|StateDwell|WindowStateCount,phase3ce1_typed_primitive_gate_v1_20260618,phase3ce1_g2_input_gate_smoke,g2_selector_input_smoke,mature_g2_candidate,blocked_unsafe_known_structure,reject,upstream typed gate already rejected row
cn_factor_event_x_flow_0554,"CSRank(Mul(ZScore(Mean($limit_up_close_not_open_count_t9,5)),ZScore(Mean($turnover_ratio,10))))",event_x_flow,interaction_factor,limit_up_close_not_open_count_t9|turnover_ratio,True,phase3aa_event_0542_cn_factor_event_x_flow_0554,event_derived_feature_layer,True,False,blocked_unsafe_known_structure,ordinary continuous primitive consumed sparse event or discrete state field,limit_up_close_not_open_count_t9,Mean|ZScore,EventCount|EventAge|EventTransition|StateDwell|WindowStateCount,phase3ce1_typed_primitive_gate_v1_20260618,phase3ce1_g2_input_gate_smoke,g2_selector_input_smoke,mature_g2_candidate,blocked_unsafe_known_structure,reject,upstream typed gate already rejected row
cn_factor_event_x_flow_0555,"CSRank(Mul(ZScore(Mean($limit_up_close_not_open_count_t9,5)),ZScore(Mean($turnover_ratio_real,10))))",event_x_flow,interaction_factor,limit_up_close_not_open_count_t9|turnover_ratio_real,True,phase3aa_event_0543_cn_factor_event_x_flow_0555,event_derived_feature_layer,True,False,blocked_unsafe_known_structure,ordinary continuous primitive consumed sparse event or discrete state field,limit_up_close_not_open_count_t9,Mean|ZScore,EventCount|EventAge|EventTransition|StateDwell|WindowStateCount,phase3ce1_typed_primitive_gate_v1_20260618,phase3ce1_g2_input_gate_smoke,g2_selector_input_smoke,mature_g2_candidate,blocked_unsafe_known_structure,reject,upstream typed gate already rejected row
cn_factor_event_x_flow_0556,"CSRank(Mul(ZScore(Mean($limit_up_close_not_open_count_t9,5)),ZScore(Mean($seal_money,10))))",event_x_flow,interaction_factor,limit_up_close_not_open_count_t9|seal_money,True,phase3aa_event_0544_cn_factor_event_x_flow_0556,event_derived_feature_layer,True,False,blocked_unsafe_known_structure,ordinary continuous primitive consumed sparse event or discrete state field,limit_up_close_not_open_count_t9|seal_money,Mean|ZScore,EventCount|EventAge|EventTransition|StateDwell|WindowStateCount,phase3ce1_typed_primitive_gate_v1_20260618,phase3ce1_g2_input_gate_smoke,g2_selector_input_smoke,mature_g2_candidate,blocked_unsafe_known_structure,reject,upstream typed gate already rejected row
cn_factor_event_x_flow_0557,"CSRank(Mul(ZScore(Mean($limit_up_close_not_open_count_t9,5)),ZScore(Mean($seal_rate,10))))",event_x_flow,interaction_factor,limit_up_close_not_open_count_t9|seal_rate,True,phase3aa_event_0545_cn_factor_event_x_flow_0557,event_derived_feature_layer,True,False,blocked_unsafe_known_structure,ordinary continuous primitive consumed sparse event or discrete state field,limit_up_close_not_open_count_t9|seal_rate,Mean|ZScore,EventCount|EventAge|EventTransition|StateDwell|WindowStateCount,phase3ce1_typed_primitive_gate_v1_20260618,phase3ce1_g2_input_gate_smoke,g2_selector_input_smoke,mature_g2_candidate,blocked_unsafe_known_structure,reject,upstream typed gate already rejected row
cn_factor_event_x_flow_0558,"CSRank(Mul(ZScore(Mean($limit_up_close_not_open_count_t9,5)),ZScore(Mean($seal_circulation_rate,10))))",event_x_flow,interaction_factor,limit_up_close_not_open_count_t9|seal_circulation_rate,True,phase3aa_event_0546_cn_factor_event_x_flow_0558,event_derived_feature_layer,True,False,blocked_unsafe_known_structure,ordinary continuous primitive consumed sparse event or discrete state field,limit_up_close_not_open_count_t9|seal_circulation_rate,Mean|ZScore,EventCount|EventAge|EventTransition|StateDwell|WindowStateCount,phase3ce1_typed_primitive_gate_v1_20260618,phase3ce1_g2_input_gate_smoke,g2_selector_input_smoke,mature_g2_candidate,blocked_unsafe_known_structure,reject,upstream typed gate already rejected row
cn_factor_event_x_flow_0559,"CSRank(Mul(ZScore(Mean($limit_up_open_not_close_count_t10,5)),ZScore(Mean($amount,10))))",event_x_flow,interaction_factor,limit_up_open_not_close_count_t10|amount,True,phase3aa_event_0547_cn_factor_event_x_flow_0559,event_derived_feature_layer,True,False,blocked_unsafe_known_structure,ordinary continuous primitive consumed sparse event or discrete state field,limit_up_open_not_close_count_t10,Mean|ZScore,EventCount|EventAge|EventTransition|StateDwell|WindowStateCount,phase3ce1_typed_primitive_gate_v1_20260618,phase3ce1_g2_input_gate_smoke,g2_selector_input_smoke,mature_g2_candidate,blocked_unsafe_known_structure,reject,upstream typed gate already rejected row
cn_factor_event_x_flow_0560,"CSRank(Mul(ZScore(Mean($limit_up_open_not_close_count_t10,5)),ZScore(Mean($turnover_ratio,10))))",event_x_flow,interaction_factor,limit_up_open_not_close_count_t10|turnover_ratio,True,phase3aa_event_0548_cn_factor_event_x_flow_0560,event_derived_feature_layer,True,False,blocked_unsafe_known_structure,ordinary continuous primitive consumed sparse event or discrete state field,limit_up_open_not_close_count_t10,Mean|ZScore,EventCount|EventAge|EventTransition|StateDwell|WindowStateCount,phase3ce1_typed_primitive_gate_v1_20260618,phase3ce1_g2_input_gate_smoke,g2_selector_input_smoke,mature_g2_candidate,blocked_unsafe_known_structure,reject,upstream typed gate already rejected row
cn_factor_event_x_flow_0561,"CSRank(Mul(ZScore(Mean($limit_up_open_not_close_count_t10,5)),ZScore(Mean($turnover_ratio_real,10))))",event_x_flow,interaction_factor,limit_up_open_not_close_count_t10|turnover_ratio_real,True,phase3aa_event_0549_cn_factor_event_x_flow_0561,event_derived_feature_layer,True,False,blocked_unsafe_known_structure,ordinary continuous primitive consumed sparse event or discrete state field,limit_up_open_not_close_count_t10,Mean|ZScore,EventCount|EventAge|EventTransition|StateDwell|WindowStateCount,phase3ce1_typed_primitive_gate_v1_20260618,phase3ce1_g2_input_gate_smoke,g2_selector_input_smoke,mature_g2_candidate,blocked_unsafe_known_structure,reject,upstream typed gate already rejected row
cn_factor_event_x_flow_0562,"CSRank(Mul(ZScore(Mean($limit_up_open_not_close_count_t10,5)),ZScore(Mean($seal_money,10))))",event_x_flow,interaction_factor,limit_up_open_not_close_count_t10|seal_money,True,phase3aa_event_0550_cn_factor_event_x_flow_0562,event_derived_feature_layer,True,False,blocked_unsafe_known_structure,ordinary continuous primitive consumed sparse event or discrete state field,limit_up_open_not_close_count_t10|seal_money,Mean|ZScore,EventCount|EventAge|EventTransition|StateDwell|WindowStateCount,phase3ce1_typed_primitive_gate_v1_20260618,phase3ce1_g2_input_gate_smoke,g2_selector_input_smoke,mature_g2_candidate,blocked_unsafe_known_structure,reject,upstream typed gate already rejected row
cn_factor_event_x_flow_0563,"CSRank(Mul(ZScore(Mean($limit_up_open_not_close_count_t10,5)),ZScore(Mean($seal_rate,10))))",event_x_flow,interaction_factor,limit_up_open_not_close_count_t10|seal_rate,True,phase3aa_event_0551_cn_factor_event_x_flow_0563,event_derived_feature_layer,True,False,blocked_unsafe_known_structure,ordinary continuous primitive consumed sparse event or discrete state field,limit_up_open_not_close_count_t10|seal_rate,Mean|ZScore,EventCount|EventAge|EventTransition|StateDwell|WindowStateCount,phase3ce1_typed_primitive_gate_v1_20260618,phase3ce1_g2_input_gate_smoke,g2_selector_input_smoke,mature_g2_candidate,blocked_unsafe_known_structure,reject,upstream typed gate already rejected row
cn_factor_event_x_flow_0564,"CSRank(Mul(ZScore(Mean($limit_up_open_not_close_count_t10,5)),ZScore(Mean($seal_circulation_rate,10))))",event_x_flow,interaction_factor,limit_up_open_not_close_count_t10|seal_circulation_rate,True,phase3aa_event_0552_cn_factor_event_x_flow_0564,event_derived_feature_layer,True,False,blocked_unsafe_known_structure,ordinary continuous primitive consumed sparse event or discrete state field,limit_up_open_not_close_count_t10|seal_circulation_rate,Mean|ZScore,EventCount|EventAge|EventTransition|StateDwell|WindowStateCount,phase3ce1_typed_primitive_gate_v1_20260618,phase3ce1_g2_input_gate_smoke,g2_selector_input_smoke,mature_g2_candidate,blocked_unsafe_known_structure,reject,upstream typed gate already rejected row
cn_factor_event_x_flow_0565,"CSRank(Mul(ZScore(Mean($limit_up_open_not_close_count_t2,5)),ZScore(Mean($amount,10))))",event_x_flow,interaction_factor,limit_up_open_not_close_count_t2|amount,True,phase3aa_event_0553_cn_factor_event_x_flow_0565,event_derived_feature_layer,True,False,blocked_unsafe_known_structure,ordinary continuous primitive consumed sparse event or discrete state field,limit_up_open_not_close_count_t2,Mean|ZScore,EventCount|EventAge|EventTransition|StateDwell|WindowStateCount,phase3ce1_typed_primitive_gate_v1_20260618,phase3ce1_g2_input_gate_smoke,g2_selector_input_smoke,mature_g2_candidate,blocked_unsafe_known_structure,reject,upstream typed gate already rejected row
cn_factor_event_x_flow_0566,"CSRank(Mul(ZScore(Mean($limit_up_open_not_close_count_t2,5)),ZScore(Mean($turnover_ratio,10))))",event_x_flow,interaction_factor,limit_up_open_not_close_count_t2|turnover_ratio,True,phase3aa_event_0554_cn_factor_event_x_flow_0566,event_derived_feature_layer,True,False,blocked_unsafe_known_structure,ordinary continuous primitive consumed sparse event or discrete state field,limit_up_open_not_close_count_t2,Mean|ZScore,EventCount|EventAge|EventTransition|StateDwell|WindowStateCount,phase3ce1_typed_primitive_gate_v1_20260618,phase3ce1_g2_input_gate_smoke,g2_selector_input_smoke,mature_g2_candidate,blocked_unsafe_known_structure,reject,upstream typed gate already rejected row
cn_factor_event_x_flow_0567,"CSRank(Mul(ZScore(Mean($limit_up_open_not_close_count_t2,5)),ZScore(Mean($turnover_ratio_real,10))))",event_x_flow,interaction_factor,limit_up_open_not_close_count_t2|turnover_ratio_real,True,phase3aa_event_0555_cn_factor_event_x_flow_0567,event_derived_feature_layer,True,False,blocked_unsafe_known_structure,ordinary continuous primitive consumed sparse event or discrete state field,limit_up_open_not_close_count_t2,Mean|ZScore,EventCount|EventAge|EventTransition|StateDwell|WindowStateCount,phase3ce1_typed_primitive_gate_v1_20260618,phase3ce1_g2_input_gate_smoke,g2_selector_input_smoke,mature_g2_candidate,blocked_unsafe_known_structure,reject,upstream typed gate already rejected row
cn_factor_event_x_flow_0568,"CSRank(Mul(ZScore(Mean($limit_up_open_not_close_count_t2,5)),ZScore(Mean($seal_money,10))))",event_x_flow,interaction_factor,limit_up_open_not_close_count_t2|seal_money,True,phase3aa_event_0556_cn_factor_event_x_flow_0568,event_derived_feature_layer,True,False,blocked_unsafe_known_structure,ordinary continuous primitive consumed sparse event or discrete state field,limit_up_open_not_close_count_t2|seal_money,Mean|ZScore,EventCount|EventAge|EventTransition|StateDwell|WindowStateCount,phase3ce1_typed_primitive_gate_v1_20260618,phase3ce1_g2_input_gate_smoke,g2_selector_input_smoke,mature_g2_candidate,blocked_unsafe_known_structure,reject,upstream typed gate already rejected row
cn_factor_event_x_flow_0569,"CSRank(Mul(ZScore(Mean($limit_up_open_not_close_count_t2,5)),ZScore(Mean($seal_rate,10))))",event_x_flow,interaction_factor,limit_up_open_not_close_count_t2|seal_rate,True,phase3aa_event_0557_cn_factor_event_x_flow_0569,event_derived_feature_layer,True,False,blocked_unsafe_known_structure,ordinary continuous primitive consumed sparse event or discrete state field,limit_up_open_not_close_count_t2|seal_rate,Mean|ZScore,EventCount|EventAge|EventTransition|StateDwell|WindowStateCount,phase3ce1_typed_primitive_gate_v1_20260618,phase3ce1_g2_input_gate_smoke,g2_selector_input_smoke,mature_g2_candidate,blocked_unsafe_known_structure,reject,upstream typed gate already rejected row
cn_factor_event_x_flow_0570,"CSRank(Mul(ZScore(Mean($limit_up_open_not_close_count_t2,5)),ZScore(Mean($seal_circulation_rate,10))))",event_x_flow,interaction_factor,limit_up_open_not_close_count_t2|seal_circulation_rate,True,phase3aa_event_0558_cn_factor_event_x_flow_0570,event_derived_feature_layer,True,False,blocked_unsafe_known_structure,ordinary continuous primitive consumed sparse event or discrete state field,limit_up_open_not_close_count_t2|seal_circulation_rate,Mean|ZScore,EventCount|EventAge|EventTransition|StateDwell|WindowStateCount,phase3ce1_typed_primitive_gate_v1_20260618,phase3ce1_g2_input_gate_smoke,g2_selector_input_smoke,mature_g2_candidate,blocked_unsafe_known_structure,reject,upstream typed gate already rejected row
cn_factor_event_x_flow_0571,"CSRank(Mul(ZScore(Mean($limit_up_open_not_close_count_t3,5)),ZScore(Mean($amount,10))))",event_x_flow,interaction_factor,limit_up_open_not_close_count_t3|amount,True,phase3aa_event_0559_cn_factor_event_x_flow_0571,event_derived_feature_layer,True,False,blocked_unsafe_known_structure,ordinary continuous primitive consumed sparse event or discrete state field,limit_up_open_not_close_count_t3,Mean|ZScore,EventCount|EventAge|EventTransition|StateDwell|WindowStateCount,phase3ce1_typed_primitive_gate_v1_20260618,phase3ce1_g2_input_gate_smoke,g2_selector_input_smoke,mature_g2_candidate,blocked_unsafe_known_structure,reject,upstream typed gate already rejected row
cn_factor_event_x_flow_0572,"CSRank(Mul(ZScore(Mean($limit_up_open_not_close_count_t3,5)),ZScore(Mean($turnover_ratio,10))))",event_x_flow,interaction_factor,limit_up_open_not_close_count_t3|turnover_ratio,True,phase3aa_event_0560_cn_factor_event_x_flow_0572,event_derived_feature_layer,True,False,blocked_unsafe_known_structure,ordinary continuous primitive consumed sparse event or discrete state field,limit_up_open_not_close_count_t3,Mean|ZScore,EventCount|EventAge|EventTransition|StateDwell|WindowStateCount,phase3ce1_typed_primitive_gate_v1_20260618,phase3ce1_g2_input_gate_smoke,g2_selector_input_smoke,mature_g2_candidate,blocked_unsafe_known_structure,reject,upstream typed gate already rejected row
cn_factor_event_x_flow_0573,"CSRank(Mul(ZScore(Mean($limit_up_open_not_close_count_t3,5)),ZScore(Mean($turnover_ratio_real,10))))",event_x_flow,interaction_factor,limit_up_open_not_close_count_t3|turnover_ratio_real,True,phase3aa_event_0561_cn_factor_event_x_flow_0573,event_derived_feature_layer,True,False,blocked_unsafe_known_structure,ordinary continuous primitive consumed sparse event or discrete state field,limit_up_open_not_close_count_t3,Mean|ZScore,EventCount|EventAge|EventTransition|StateDwell|WindowStateCount,phase3ce1_typed_primitive_gate_v1_20260618,phase3ce1_g2_input_gate_smoke,g2_selector_input_smoke,mature_g2_candidate,blocked_unsafe_known_structure,reject,upstream typed gate already rejected row
cn_factor_event_x_flow_0574,"CSRank(Mul(ZScore(Mean($limit_up_open_not_close_count_t3,5)),ZScore(Mean($seal_money,10))))",event_x_flow,interaction_factor,limit_up_open_not_close_count_t3|seal_money,True,phase3aa_event_0562_cn_factor_event_x_flow_0574,event_derived_feature_layer,True,False,blocked_unsafe_known_structure,ordinary continuous primitive consumed sparse event or discrete state field,limit_up_open_not_close_count_t3|seal_money,Mean|ZScore,EventCount|EventAge|EventTransition|StateDwell|WindowStateCount,phase3ce1_typed_primitive_gate_v1_20260618,phase3ce1_g2_input_gate_smoke,g2_selector_input_smoke,mature_g2_candidate,blocked_unsafe_known_structure,reject,upstream typed gate already rejected row
cn_factor_event_x_flow_0575,"CSRank(Mul(ZScore(Mean($limit_up_open_not_close_count_t3,5)),ZScore(Mean($seal_rate,10))))",event_x_flow,interaction_factor,limit_up_open_not_close_count_t3|seal_rate,True,phase3aa_event_0563_cn_factor_event_x_flow_0575,event_derived_feature_layer,True,False,blocked_unsafe_known_structure,ordinary continuous primitive consumed sparse event or discrete state field,limit_up_open_not_close_count_t3|seal_rate,Mean|ZScore,EventCount|EventAge|EventTransition|StateDwell|WindowStateCount,phase3ce1_typed_primitive_gate_v1_20260618,phase3ce1_g2_input_gate_smoke,g2_selector_input_smoke,mature_g2_candidate,blocked_unsafe_known_structure,reject,upstream typed gate already rejected row
cn_factor_event_x_flow_0576,"CSRank(Mul(ZScore(Mean($limit_up_open_not_close_count_t3,5)),ZScore(Mean($seal_circulation_rate,10))))",event_x_flow,interaction_factor,limit_up_open_not_close_count_t3|seal_circulation_rate,True,phase3aa_event_0564_cn_factor_event_x_flow_0576,event_derived_feature_layer,True,False,blocked_unsafe_known_structure,ordinary continuous primitive consumed sparse event or discrete state field,limit_up_open_not_close_count_t3|seal_circulation_rate,Mean|ZScore,EventCount|EventAge|EventTransition|StateDwell|WindowStateCount,phase3ce1_typed_primitive_gate_v1_20260618,phase3ce1_g2_input_gate_smoke,g2_selector_input_smoke,mature_g2_candidate,blocked_unsafe_known_structure,reject,upstream typed gate already rejected row
cn_factor_event_x_flow_0577,"CSRank(Mul(ZScore(Mean($limit_up_open_not_close_count_t4,5)),ZScore(Mean($amount,10))))",event_x_flow,interaction_factor,limit_up_open_not_close_count_t4|amount,True,phase3aa_event_0565_cn_factor_event_x_flow_0577,event_derived_feature_layer,True,False,blocked_unsafe_known_structure,ordinary continuous primitive consumed sparse event or discrete state field,limit_up_open_not_close_count_t4,Mean|ZScore,EventCount|EventAge|EventTransition|StateDwell|WindowStateCount,phase3ce1_typed_primitive_gate_v1_20260618,phase3ce1_g2_input_gate_smoke,g2_selector_input_smoke,mature_g2_candidate,blocked_unsafe_known_structure,reject,upstream typed gate already rejected row
cn_factor_event_x_flow_0578,"CSRank(Mul(ZScore(Mean($limit_up_open_not_close_count_t4,5)),ZScore(Mean($turnover_ratio,10))))",event_x_flow,interaction_factor,limit_up_open_not_close_count_t4|turnover_ratio,True,phase3aa_event_0566_cn_factor_event_x_flow_0578,event_derived_feature_layer,True,False,blocked_unsafe_known_structure,ordinary continuous primitive consumed sparse event or discrete state field,limit_up_open_not_close_count_t4,Mean|ZScore,EventCount|EventAge|EventTransition|StateDwell|WindowStateCount,phase3ce1_typed_primitive_gate_v1_20260618,phase3ce1_g2_input_gate_smoke,g2_selector_input_smoke,mature_g2_candidate,blocked_unsafe_known_structure,reject,upstream typed gate already rejected row
cn_factor_event_x_flow_0579,"CSRank(Mul(ZScore(Mean($limit_up_open_not_close_count_t4,5)),ZScore(Mean($turnover_ratio_real,10))))",event_x_flow,interaction_factor,limit_up_open_not_close_count_t4|turnover_ratio_real,True,phase3aa_event_0567_cn_factor_event_x_flow_0579,event_derived_feature_layer,True,False,blocked_unsafe_known_structure,ordinary continuous primitive consumed sparse event or discrete state field,limit_up_open_not_close_count_t4,Mean|ZScore,EventCount|EventAge|EventTransition|StateDwell|WindowStateCount,phase3ce1_typed_primitive_gate_v1_20260618,phase3ce1_g2_input_gate_smoke,g2_selector_input_smoke,mature_g2_candidate,blocked_unsafe_known_structure,reject,upstream typed gate already rejected row
cn_factor_event_x_flow_0580,"CSRank(Mul(ZScore(Mean($limit_up_open_not_close_count_t4,5)),ZScore(Mean($seal_money,10))))",event_x_flow,interaction_factor,limit_up_open_not_close_count_t4|seal_money,True,phase3aa_event_0568_cn_factor_event_x_flow_0580,event_derived_feature_layer,True,False,blocked_unsafe_known_structure,ordinary continuous primitive consumed sparse event or discrete state field,limit_up_open_not_close_count_t4|seal_money,Mean|ZScore,EventCount|EventAge|EventTransition|StateDwell|WindowStateCount,phase3ce1_typed_primitive_gate_v1_20260618,phase3ce1_g2_input_gate_smoke,g2_selector_input_smoke,mature_g2_candidate,blocked_unsafe_known_structure,reject,upstream typed gate already rejected row
cn_factor_event_x_flow_0581,"CSRank(Mul(ZScore(Mean($limit_up_open_not_close_count_t4,5)),ZScore(Mean($seal_rate,10))))",event_x_flow,interaction_factor,limit_up_open_not_close_count_t4|seal_rate,True,phase3aa_event_0569_cn_factor_event_x_flow_0581,event_derived_feature_layer,True,False,blocked_unsafe_known_structure,ordinary continuous primitive consumed sparse event or discrete state field,limit_up_open_not_close_count_t4|seal_rate,Mean|ZScore,EventCount|EventAge|EventTransition|StateDwell|WindowStateCount,phase3ce1_typed_primitive_gate_v1_20260618,phase3ce1_g2_input_gate_smoke,g2_selector_input_smoke,mature_g2_candidate,blocked_unsafe_known_structure,reject,upstream typed gate already rejected row
cn_factor_event_x_flow_0582,"CSRank(Mul(ZScore(Mean($limit_up_open_not_close_count_t4,5)),ZScore(Mean($seal_circulation_rate,10))))",event_x_flow,interaction_factor,limit_up_open_not_close_count_t4|seal_circulation_rate,True,phase3aa_event_0570_cn_factor_event_x_flow_0582,event_derived_feature_layer,True,False,blocked_unsafe_known_structure,ordinary continuous primitive consumed sparse event or discrete state field,limit_up_open_not_close_count_t4|seal_circulation_rate,Mean|ZScore,EventCount|EventAge|EventTransition|StateDwell|WindowStateCount,phase3ce1_typed_primitive_gate_v1_20260618,phase3ce1_g2_input_gate_smoke,g2_selector_input_smoke,mature_g2_candidate,blocked_unsafe_known_structure,reject,upstream typed gate already rejected row
cn_factor_event_x_flow_0583,"CSRank(Mul(ZScore(Mean($limit_up_open_not_close_count_t5,5)),ZScore(Mean($amount,10))))",event_x_flow,interaction_factor,limit_up_open_not_close_count_t5|amount,True,phase3aa_event_0571_cn_factor_event_x_flow_0583,event_derived_feature_layer,True,False,blocked_unsafe_known_structure,ordinary continuous primitive consumed sparse event or discrete state field,limit_up_open_not_close_count_t5,Mean|ZScore,EventCount|EventAge|EventTransition|StateDwell|WindowStateCount,phase3ce1_typed_primitive_gate_v1_20260618,phase3ce1_g2_input_gate_smoke,g2_selector_input_smoke,mature_g2_candidate,blocked_unsafe_known_structure,reject,upstream typed gate already rejected row
cn_factor_event_x_flow_0584,"CSRank(Mul(ZScore(Mean($limit_up_open_not_close_count_t5,5)),ZScore(Mean($turnover_ratio,10))))",event_x_flow,interaction_factor,limit_up_open_not_close_count_t5|turnover_ratio,True,phase3aa_event_0572_cn_factor_event_x_flow_0584,event_derived_feature_layer,True,False,blocked_unsafe_known_structure,ordinary continuous primitive consumed sparse event or discrete state field,limit_up_open_not_close_count_t5,Mean|ZScore,EventCount|EventAge|EventTransition|StateDwell|WindowStateCount,phase3ce1_typed_primitive_gate_v1_20260618,phase3ce1_g2_input_gate_smoke,g2_selector_input_smoke,mature_g2_candidate,blocked_unsafe_known_structure,reject,upstream typed gate already rejected row
cn_factor_event_x_flow_0585,"CSRank(Mul(ZScore(Mean($limit_up_open_not_close_count_t5,5)),ZScore(Mean($turnover_ratio_real,10))))",event_x_flow,interaction_factor,limit_up_open_not_close_count_t5|turnover_ratio_real,True,phase3aa_event_0573_cn_factor_event_x_flow_0585,event_derived_feature_layer,True,False,blocked_unsafe_known_structure,ordinary continuous primitive consumed sparse event or discrete state field,limit_up_open_not_close_count_t5,Mean|ZScore,EventCount|EventAge|EventTransition|StateDwell|WindowStateCount,phase3ce1_typed_primitive_gate_v1_20260618,phase3ce1_g2_input_gate_smoke,g2_selector_input_smoke,mature_g2_candidate,blocked_unsafe_known_structure,reject,upstream typed gate already rejected row
cn_factor_event_x_flow_0586,"CSRank(Mul(ZScore(Mean($limit_up_open_not_close_count_t5,5)),ZScore(Mean($seal_money,10))))",event_x_flow,interaction_factor,limit_up_open_not_close_count_t5|seal_money,True,phase3aa_event_0574_cn_factor_event_x_flow_0586,event_derived_feature_layer,True,False,blocked_unsafe_known_structure,ordinary continuous primitive consumed sparse event or discrete state field,limit_up_open_not_close_count_t5|seal_money,Mean|ZScore,EventCount|EventAge|EventTransition|StateDwell|WindowStateCount,phase3ce1_typed_primitive_gate_v1_20260618,phase3ce1_g2_input_gate_smoke,g2_selector_input_smoke,mature_g2_candidate,blocked_unsafe_known_structure,reject,upstream typed gate already rejected row
cn_factor_event_x_flow_0587,"CSRank(Mul(ZScore(Mean($limit_up_open_not_close_count_t5,5)),ZScore(Mean($seal_rate,10))))",event_x_flow,interaction_factor,limit_up_open_not_close_count_t5|seal_rate,True,phase3aa_event_0575_cn_factor_event_x_flow_0587,event_derived_feature_layer,True,False,blocked_unsafe_known_structure,ordinary continuous primitive consumed sparse event or discrete state field,limit_up_open_not_close_count_t5|seal_rate,Mean|ZScore,EventCount|EventAge|EventTransition|StateDwell|WindowStateCount,phase3ce1_typed_primitive_gate_v1_20260618,phase3ce1_g2_input_gate_smoke,g2_selector_input_smoke,mature_g2_candidate,blocked_unsafe_known_structure,reject,upstream typed gate already rejected row
cn_factor_event_x_flow_0588,"CSRank(Mul(ZScore(Mean($limit_up_open_not_close_count_t5,5)),ZScore(Mean($seal_circulation_rate,10))))",event_x_flow,interaction_factor,limit_up_open_not_close_count_t5|seal_circulation_rate,True,phase3aa_event_0576_cn_factor_event_x_flow_0588,event_derived_feature_layer,True,False,blocked_unsafe_known_structure,ordinary continuous primitive consumed sparse event or discrete state field,limit_up_open_not_close_count_t5|seal_circulation_rate,Mean|ZScore,EventCount|EventAge|EventTransition|StateDwell|WindowStateCount,phase3ce1_typed_primitive_gate_v1_20260618,phase3ce1_g2_input_gate_smoke,g2_selector_input_smoke,mature_g2_candidate,blocked_unsafe_known_structure,reject,upstream typed gate already rejected row
cn_factor_event_x_flow_0589,"CSRank(Mul(ZScore(Mean($limit_up_open_not_close_count_t6,5)),ZScore(Mean($amount,10))))",event_x_flow,interaction_factor,limit_up_open_not_close_count_t6|amount,True,phase3aa_event_0577_cn_factor_event_x_flow_0589,event_derived_feature_layer,True,False,blocked_unsafe_known_structure,ordinary continuous primitive consumed sparse event or discrete state field,limit_up_open_not_close_count_t6,Mean|ZScore,EventCount|EventAge|EventTransition|StateDwell|WindowStateCount,phase3ce1_typed_primitive_gate_v1_20260618,phase3ce1_g2_input_gate_smoke,g2_selector_input_smoke,mature_g2_candidate,blocked_unsafe_known_structure,reject,upstream typed gate already rejected row
cn_factor_event_x_flow_0590,"CSRank(Mul(ZScore(Mean($limit_up_open_not_close_count_t6,5)),ZScore(Mean($turnover_ratio,10))))",event_x_flow,interaction_factor,limit_up_open_not_close_count_t6|turnover_ratio,True,phase3aa_event_0578_cn_factor_event_x_flow_0590,event_derived_feature_layer,True,False,blocked_unsafe_known_structure,ordinary continuous primitive consumed sparse event or discrete state field,limit_up_open_not_close_count_t6,Mean|ZScore,EventCount|EventAge|EventTransition|StateDwell|WindowStateCount,phase3ce1_typed_primitive_gate_v1_20260618,phase3ce1_g2_input_gate_smoke,g2_selector_input_smoke,mature_g2_candidate,blocked_unsafe_known_structure,reject,upstream typed gate already rejected row
cn_factor_event_x_flow_0591,"CSRank(Mul(ZScore(Mean($limit_up_open_not_close_count_t6,5)),ZScore(Mean($turnover_ratio_real,10))))",event_x_flow,interaction_factor,limit_up_open_not_close_count_t6|turnover_ratio_real,True,phase3aa_event_0579_cn_factor_event_x_flow_0591,event_derived_feature_layer,True,False,blocked_unsafe_known_structure,ordinary continuous primitive consumed sparse event or discrete state field,limit_up_open_not_close_count_t6,Mean|ZScore,EventCount|EventAge|EventTransition|StateDwell|WindowStateCount,phase3ce1_typed_primitive_gate_v1_20260618,phase3ce1_g2_input_gate_smoke,g2_selector_input_smoke,mature_g2_candidate,blocked_unsafe_known_structure,reject,upstream typed gate already rejected row
cn_factor_event_x_flow_0592,"CSRank(Mul(ZScore(Mean($limit_up_open_not_close_count_t6,5)),ZScore(Mean($seal_money,10))))",event_x_flow,interaction_factor,limit_up_open_not_close_count_t6|seal_money,True,phase3aa_event_0580_cn_factor_event_x_flow_0592,event_derived_feature_layer,True,False,blocked_unsafe_known_structure,ordinary continuous primitive consumed sparse event or discrete state field,limit_up_open_not_close_count_t6|seal_money,Mean|ZScore,EventCount|EventAge|EventTransition|StateDwell|WindowStateCount,phase3ce1_typed_primitive_gate_v1_20260618,phase3ce1_g2_input_gate_smoke,g2_selector_input_smoke,mature_g2_candidate,blocked_unsafe_known_structure,reject,upstream typed gate already rejected row
cn_factor_event_x_flow_0593,"CSRank(Mul(ZScore(Mean($limit_up_open_not_close_count_t6,5)),ZScore(Mean($seal_rate,10))))",event_x_flow,interaction_factor,limit_up_open_not_close_count_t6|seal_rate,True,phase3aa_event_0581_cn_factor_event_x_flow_0593,event_derived_feature_layer,True,False,blocked_unsafe_known_structure,ordinary continuous primitive consumed sparse event or discrete state field,limit_up_open_not_close_count_t6|seal_rate,Mean|ZScore,EventCount|EventAge|EventTransition|StateDwell|WindowStateCount,phase3ce1_typed_primitive_gate_v1_20260618,phase3ce1_g2_input_gate_smoke,g2_selector_input_smoke,mature_g2_candidate,blocked_unsafe_known_structure,reject,upstream typed gate already rejected row
cn_factor_event_x_flow_0594,"CSRank(Mul(ZScore(Mean($limit_up_open_not_close_count_t6,5)),ZScore(Mean($seal_circulation_rate,10))))",event_x_flow,interaction_factor,limit_up_open_not_close_count_t6|seal_circulation_rate,True,phase3aa_event_0582_cn_factor_event_x_flow_0594,event_derived_feature_layer,True,False,blocked_unsafe_known_structure,ordinary continuous primitive consumed sparse event or discrete state field,limit_up_open_not_close_count_t6|seal_circulation_rate,Mean|ZScore,EventCount|EventAge|EventTransition|StateDwell|WindowStateCount,phase3ce1_typed_primitive_gate_v1_20260618,phase3ce1_g2_input_gate_smoke,g2_selector_input_smoke,mature_g2_candidate,blocked_unsafe_known_structure,reject,upstream typed gate already rejected row
cn_factor_event_x_flow_0595,"CSRank(Mul(ZScore(Mean($limit_up_open_not_close_count_t7,5)),ZScore(Mean($amount,10))))",event_x_flow,interaction_factor,limit_up_open_not_close_count_t7|amount,True,phase3aa_event_0583_cn_factor_event_x_flow_0595,event_derived_feature_layer,True,False,blocked_unsafe_known_structure,ordinary continuous primitive consumed sparse event or discrete state field,limit_up_open_not_close_count_t7,Mean|ZScore,EventCount|EventAge|EventTransition|StateDwell|WindowStateCount,phase3ce1_typed_primitive_gate_v1_20260618,phase3ce1_g2_input_gate_smoke,g2_selector_input_smoke,mature_g2_candidate,blocked_unsafe_known_structure,reject,upstream typed gate already rejected row
cn_factor_event_x_flow_0596,"CSRank(Mul(ZScore(Mean($limit_up_open_not_close_count_t7,5)),ZScore(Mean($turnover_ratio,10))))",event_x_flow,interaction_factor,limit_up_open_not_close_count_t7|turnover_ratio,True,phase3aa_event_0584_cn_factor_event_x_flow_0596,event_derived_feature_layer,True,False,blocked_unsafe_known_structure,ordinary continuous primitive consumed sparse event or discrete state field,limit_up_open_not_close_count_t7,Mean|ZScore,EventCount|EventAge|EventTransition|StateDwell|WindowStateCount,phase3ce1_typed_primitive_gate_v1_20260618,phase3ce1_g2_input_gate_smoke,g2_selector_input_smoke,mature_g2_candidate,blocked_unsafe_known_structure,reject,upstream typed gate already rejected row
cn_factor_event_x_flow_0597,"CSRank(Mul(ZScore(Mean($limit_up_open_not_close_count_t7,5)),ZScore(Mean($turnover_ratio_real,10))))",event_x_flow,interaction_factor,limit_up_open_not_close_count_t7|turnover_ratio_real,True,phase3aa_event_0585_cn_factor_event_x_flow_0597,event_derived_feature_layer,True,False,blocked_unsafe_known_structure,ordinary continuous primitive consumed sparse event or discrete state field,limit_up_open_not_close_count_t7,Mean|ZScore,EventCount|EventAge|EventTransition|StateDwell|WindowStateCount,phase3ce1_typed_primitive_gate_v1_20260618,phase3ce1_g2_input_gate_smoke,g2_selector_input_smoke,mature_g2_candidate,blocked_unsafe_known_structure,reject,upstream typed gate already rejected row
cn_factor_event_x_flow_0598,"CSRank(Mul(ZScore(Mean($limit_up_open_not_close_count_t7,5)),ZScore(Mean($seal_money,10))))",event_x_flow,interaction_factor,limit_up_open_not_close_count_t7|seal_money,True,phase3aa_event_0586_cn_factor_event_x_flow_0598,event_derived_feature_layer,True,False,blocked_unsafe_known_structure,ordinary continuous primitive consumed sparse event or discrete state field,limit_up_open_not_close_count_t7|seal_money,Mean|ZScore,EventCount|EventAge|EventTransition|StateDwell|WindowStateCount,phase3ce1_typed_primitive_gate_v1_20260618,phase3ce1_g2_input_gate_smoke,g2_selector_input_smoke,mature_g2_candidate,blocked_unsafe_known_structure,reject,upstream typed gate already rejected row
cn_factor_event_x_flow_0599,"CSRank(Mul(ZScore(Mean($limit_up_open_not_close_count_t7,5)),ZScore(Mean($seal_rate,10))))",event_x_flow,interaction_factor,limit_up_open_not_close_count_t7|seal_rate,True,phase3aa_event_0587_cn_factor_event_x_flow_0599,event_derived_feature_layer,True,False,blocked_unsafe_known_structure,ordinary continuous primitive consumed sparse event or discrete state field,limit_up_open_not_close_count_t7|seal_rate,Mean|ZScore,EventCount|EventAge|EventTransition|StateDwell|WindowStateCount,phase3ce1_typed_primitive_gate_v1_20260618,phase3ce1_g2_input_gate_smoke,g2_selector_input_smoke,mature_g2_candidate,blocked_unsafe_known_structure,reject,upstream typed gate already rejected row
cn_factor_event_x_flow_0600,"CSRank(Mul(ZScore(Mean($limit_up_open_not_close_count_t7,5)),ZScore(Mean($seal_circulation_rate,10))))",event_x_flow,interaction_factor,limit_up_open_not_close_count_t7|seal_circulation_rate,True,phase3aa_event_0588_cn_factor_event_x_flow_0600,event_derived_feature_layer,True,False,blocked_unsafe_known_structure,ordinary continuous primitive consumed sparse event or discrete state field,limit_up_open_not_close_count_t7|seal_circulation_rate,Mean|ZScore,EventCount|EventAge|EventTransition|StateDwell|WindowStateCount,phase3ce1_typed_primitive_gate_v1_20260618,phase3ce1_g2_input_gate_smoke,g2_selector_input_smoke,mature_g2_candidate,blocked_unsafe_known_structure,reject,upstream typed gate already rejected row
cn_factor_event_x_flow_0601,"CSRank(Mul(ZScore(Mean($limit_up_open_not_close_count_t8,5)),ZScore(Mean($amount,10))))",event_x_flow,interaction_factor,limit_up_open_not_close_count_t8|amount,True,phase3aa_event_0589_cn_factor_event_x_flow_0601,event_derived_feature_layer,True,False,blocked_unsafe_known_structure,ordinary continuous primitive consumed sparse event or discrete state field,limit_up_open_not_close_count_t8,Mean|ZScore,EventCount|EventAge|EventTransition|StateDwell|WindowStateCount,phase3ce1_typed_primitive_gate_v1_20260618,phase3ce1_g2_input_gate_smoke,g2_selector_input_smoke,mature_g2_candidate,blocked_unsafe_known_structure,reject,upstream typed gate already rejected row
cn_factor_event_x_flow_0602,"CSRank(Mul(ZScore(Mean($limit_up_open_not_close_count_t8,5)),ZScore(Mean($turnover_ratio,10))))",event_x_flow,interaction_factor,limit_up_open_not_close_count_t8|turnover_ratio,True,phase3aa_event_0590_cn_factor_event_x_flow_0602,event_derived_feature_layer,True,False,blocked_unsafe_known_structure,ordinary continuous primitive consumed sparse event or discrete state field,limit_up_open_not_close_count_t8,Mean|ZScore,EventCount|EventAge|EventTransition|StateDwell|WindowStateCount,phase3ce1_typed_primitive_gate_v1_20260618,phase3ce1_g2_input_gate_smoke,g2_selector_input_smoke,mature_g2_candidate,blocked_unsafe_known_structure,reject,upstream typed gate already rejected row
cn_factor_event_x_flow_0603,"CSRank(Mul(ZScore(Mean($limit_up_open_not_close_count_t8,5)),ZScore(Mean($turnover_ratio_real,10))))",event_x_flow,interaction_factor,limit_up_open_not_close_count_t8|turnover_ratio_real,True,phase3aa_event_0591_cn_factor_event_x_flow_0603,event_derived_feature_layer,True,False,blocked_unsafe_known_structure,ordinary continuous primitive consumed sparse event or discrete state field,limit_up_open_not_close_count_t8,Mean|ZScore,EventCount|EventAge|EventTransition|StateDwell|WindowStateCount,phase3ce1_typed_primitive_gate_v1_20260618,phase3ce1_g2_input_gate_smoke,g2_selector_input_smoke,mature_g2_candidate,blocked_unsafe_known_structure,reject,upstream typed gate already rejected row
cn_factor_event_x_flow_0604,"CSRank(Mul(ZScore(Mean($limit_up_open_not_close_count_t8,5)),ZScore(Mean($seal_money,10))))",event_x_flow,interaction_factor,limit_up_open_not_close_count_t8|seal_money,True,phase3aa_event_0592_cn_factor_event_x_flow_0604,event_derived_feature_layer,True,False,blocked_unsafe_known_structure,ordinary continuous primitive consumed sparse event or discrete state field,limit_up_open_not_close_count_t8|seal_money,Mean|ZScore,EventCount|EventAge|EventTransition|StateDwell|WindowStateCount,phase3ce1_typed_primitive_gate_v1_20260618,phase3ce1_g2_input_gate_smoke,g2_selector_input_smoke,mature_g2_candidate,blocked_unsafe_known_structure,reject,upstream typed gate already rejected row
cn_factor_event_x_flow_0605,"CSRank(Mul(ZScore(Mean($limit_up_open_not_close_count_t8,5)),ZScore(Mean($seal_rate,10))))",event_x_flow,interaction_factor,limit_up_open_not_close_count_t8|seal_rate,True,phase3aa_event_0593_cn_factor_event_x_flow_0605,event_derived_feature_layer,True,False,blocked_unsafe_known_structure,ordinary continuous primitive consumed sparse event or discrete state field,limit_up_open_not_close_count_t8|seal_rate,Mean|ZScore,EventCount|EventAge|EventTransition|StateDwell|WindowStateCount,phase3ce1_typed_primitive_gate_v1_20260618,phase3ce1_g2_input_gate_smoke,g2_selector_input_smoke,mature_g2_candidate,blocked_unsafe_known_structure,reject,upstream typed gate already rejected row
cn_factor_event_x_flow_0606,"CSRank(Mul(ZScore(Mean($limit_up_open_not_close_count_t8,5)),ZScore(Mean($seal_circulation_rate,10))))",event_x_flow,interaction_factor,limit_up_open_not_close_count_t8|seal_circulation_rate,True,phase3aa_event_0594_cn_factor_event_x_flow_0606,event_derived_feature_layer,True,False,blocked_unsafe_known_structure,ordinary continuous primitive consumed sparse event or discrete state field,limit_up_open_not_close_count_t8|seal_circulation_rate,Mean|ZScore,EventCount|EventAge|EventTransition|StateDwell|WindowStateCount,phase3ce1_typed_primitive_gate_v1_20260618,phase3ce1_g2_input_gate_smoke,g2_selector_input_smoke,mature_g2_candidate,blocked_unsafe_known_structure,reject,upstream typed gate already rejected row
cn_factor_event_x_flow_0607,"CSRank(Mul(ZScore(Mean($limit_up_open_not_close_count_t9,5)),ZScore(Mean($amount,10))))",event_x_flow,interaction_factor,limit_up_open_not_close_count_t9|amount,True,phase3aa_event_0595_cn_factor_event_x_flow_0607,event_derived_feature_layer,True,False,blocked_unsafe_known_structure,ordinary continuous primitive consumed sparse event or discrete state field,limit_up_open_not_close_count_t9,Mean|ZScore,EventCount|EventAge|EventTransition|StateDwell|WindowStateCount,phase3ce1_typed_primitive_gate_v1_20260618,phase3ce1_g2_input_gate_smoke,g2_selector_input_smoke,mature_g2_candidate,blocked_unsafe_known_structure,reject,upstream typed gate already rejected row
cn_factor_event_x_flow_0608,"CSRank(Mul(ZScore(Mean($limit_up_open_not_close_count_t9,5)),ZScore(Mean($turnover_ratio,10))))",event_x_flow,interaction_factor,limit_up_open_not_close_count_t9|turnover_ratio,True,phase3aa_event_0596_cn_factor_event_x_flow_0608,event_derived_feature_layer,True,False,blocked_unsafe_known_structure,ordinary continuous primitive consumed sparse event or discrete state field,limit_up_open_not_close_count_t9,Mean|ZScore,EventCount|EventAge|EventTransition|StateDwell|WindowStateCount,phase3ce1_typed_primitive_gate_v1_20260618,phase3ce1_g2_input_gate_smoke,g2_selector_input_smoke,mature_g2_candidate,blocked_unsafe_known_structure,reject,upstream typed gate already rejected row
cn_factor_event_x_flow_0609,"CSRank(Mul(ZScore(Mean($limit_up_open_not_close_count_t9,5)),ZScore(Mean($turnover_ratio_real,10))))",event_x_flow,interaction_factor,limit_up_open_not_close_count_t9|turnover_ratio_real,True,phase3aa_event_0597_cn_factor_event_x_flow_0609,event_derived_feature_layer,True,False,blocked_unsafe_known_structure,ordinary continuous primitive consumed sparse event or discrete state field,limit_up_open_not_close_count_t9,Mean|ZScore,EventCount|EventAge|EventTransition|StateDwell|WindowStateCount,phase3ce1_typed_primitive_gate_v1_20260618,phase3ce1_g2_input_gate_smoke,g2_selector_input_smoke,mature_g2_candidate,blocked_unsafe_known_structure,reject,upstream typed gate already rejected row
cn_factor_event_x_flow_0610,"CSRank(Mul(ZScore(Mean($limit_up_open_not_close_count_t9,5)),ZScore(Mean($seal_money,10))))",event_x_flow,interaction_factor,limit_up_open_not_close_count_t9|seal_money,True,phase3aa_event_0598_cn_factor_event_x_flow_0610,event_derived_feature_layer,True,False,blocked_unsafe_known_structure,ordinary continuous primitive consumed sparse event or discrete state field,limit_up_open_not_close_count_t9|seal_money,Mean|ZScore,EventCount|EventAge|EventTransition|StateDwell|WindowStateCount,phase3ce1_typed_primitive_gate_v1_20260618,phase3ce1_g2_input_gate_smoke,g2_selector_input_smoke,mature_g2_candidate,blocked_unsafe_known_structure,reject,upstream typed gate already rejected row
cn_factor_event_x_flow_0611,"CSRank(Mul(ZScore(Mean($limit_up_open_not_close_count_t9,5)),ZScore(Mean($seal_rate,10))))",event_x_flow,interaction_factor,limit_up_open_not_close_count_t9|seal_rate,True,phase3aa_event_0599_cn_factor_event_x_flow_0611,event_derived_feature_layer,True,False,blocked_unsafe_known_structure,ordinary continuous primitive consumed sparse event or discrete state field,limit_up_open_not_close_count_t9|seal_rate,Mean|ZScore,EventCount|EventAge|EventTransition|StateDwell|WindowStateCount,phase3ce1_typed_primitive_gate_v1_20260618,phase3ce1_g2_input_gate_smoke,g2_selector_input_smoke,mature_g2_candidate,blocked_unsafe_known_structure,reject,upstream typed gate already rejected row
cn_factor_event_x_flow_0612,"CSRank(Mul(ZScore(Mean($limit_up_open_not_close_count_t9,5)),ZScore(Mean($seal_circulation_rate,10))))",event_x_flow,interaction_factor,limit_up_open_not_close_count_t9|seal_circulation_rate,True,phase3aa_event_0600_cn_factor_event_x_flow_0612,event_derived_feature_layer,True,False,blocked_unsafe_known_structure,ordinary continuous primitive consumed sparse event or discrete state field,limit_up_open_not_close_count_t9|seal_circulation_rate,Mean|ZScore,EventCount|EventAge|EventTransition|StateDwell|WindowStateCount,phase3ce1_typed_primitive_gate_v1_20260618,phase3ce1_g2_input_gate_smoke,g2_selector_input_smoke,mature_g2_candidate,blocked_unsafe_known_structure,reject,upstream typed gate already rejected row
cn_factor_event_x_flow_0613,"CSRank(Mul(ZScore(Mean($limit_up_touch_not_close_count_t10,5)),ZScore(Mean($amount,10))))",event_x_flow,interaction_factor,limit_up_touch_not_close_count_t10|amount,True,phase3aa_event_0601_cn_factor_event_x_flow_0613,event_derived_feature_layer,True,False,blocked_unsafe_known_structure,ordinary continuous primitive consumed sparse event or discrete state field,limit_up_touch_not_close_count_t10,Mean|ZScore,EventCount|EventAge|EventTransition|StateDwell|WindowStateCount,phase3ce1_typed_primitive_gate_v1_20260618,phase3ce1_g2_input_gate_smoke,g2_selector_input_smoke,mature_g2_candidate,blocked_unsafe_known_structure,reject,upstream typed gate already rejected row
cn_factor_event_x_flow_0614,"CSRank(Mul(ZScore(Mean($limit_up_touch_not_close_count_t10,5)),ZScore(Mean($turnover_ratio,10))))",event_x_flow,interaction_factor,limit_up_touch_not_close_count_t10|turnover_ratio,True,phase3aa_event_0602_cn_factor_event_x_flow_0614,event_derived_feature_layer,True,False,blocked_unsafe_known_structure,ordinary continuous primitive consumed sparse event or discrete state field,limit_up_touch_not_close_count_t10,Mean|ZScore,EventCount|EventAge|EventTransition|StateDwell|WindowStateCount,phase3ce1_typed_primitive_gate_v1_20260618,phase3ce1_g2_input_gate_smoke,g2_selector_input_smoke,mature_g2_candidate,blocked_unsafe_known_structure,reject,upstream typed gate already rejected row
cn_factor_event_x_flow_0615,"CSRank(Mul(ZScore(Mean($limit_up_touch_not_close_count_t10,5)),ZScore(Mean($turnover_ratio_real,10))))",event_x_flow,interaction_factor,limit_up_touch_not_close_count_t10|turnover_ratio_real,True,phase3aa_event_0603_cn_factor_event_x_flow_0615,event_derived_feature_layer,True,False,blocked_unsafe_known_structure,ordinary continuous primitive consumed sparse event or discrete state field,limit_up_touch_not_close_count_t10,Mean|ZScore,EventCount|EventAge|EventTransition|StateDwell|WindowStateCount,phase3ce1_typed_primitive_gate_v1_20260618,phase3ce1_g2_input_gate_smoke,g2_selector_input_smoke,mature_g2_candidate,blocked_unsafe_known_structure,reject,upstream typed gate already rejected row
cn_factor_event_x_flow_0616,"CSRank(Mul(ZScore(Mean($limit_up_touch_not_close_count_t10,5)),ZScore(Mean($seal_money,10))))",event_x_flow,interaction_factor,limit_up_touch_not_close_count_t10|seal_money,True,phase3aa_event_0604_cn_factor_event_x_flow_0616,event_derived_feature_layer,True,False,blocked_unsafe_known_structure,ordinary continuous primitive consumed sparse event or discrete state field,limit_up_touch_not_close_count_t10|seal_money,Mean|ZScore,EventCount|EventAge|EventTransition|StateDwell|WindowStateCount,phase3ce1_typed_primitive_gate_v1_20260618,phase3ce1_g2_input_gate_smoke,g2_selector_input_smoke,mature_g2_candidate,blocked_unsafe_known_structure,reject,upstream typed gate already rejected row
cn_factor_event_x_flow_0617,"CSRank(Mul(ZScore(Mean($limit_up_touch_not_close_count_t10,5)),ZScore(Mean($seal_rate,10))))",event_x_flow,interaction_factor,limit_up_touch_not_close_count_t10|seal_rate,True,phase3aa_event_0605_cn_factor_event_x_flow_0617,event_derived_feature_layer,True,False,blocked_unsafe_known_structure,ordinary continuous primitive consumed sparse event or discrete state field,limit_up_touch_not_close_count_t10|seal_rate,Mean|ZScore,EventCount|EventAge|EventTransition|StateDwell|WindowStateCount,phase3ce1_typed_primitive_gate_v1_20260618,phase3ce1_g2_input_gate_smoke,g2_selector_input_smoke,mature_g2_candidate,blocked_unsafe_known_structure,reject,upstream typed gate already rejected row
cn_factor_event_x_flow_0618,"CSRank(Mul(ZScore(Mean($limit_up_touch_not_close_count_t10,5)),ZScore(Mean($seal_circulation_rate,10))))",event_x_flow,interaction_factor,limit_up_touch_not_close_count_t10|seal_circulation_rate,True,phase3aa_event_0606_cn_factor_event_x_flow_0618,event_derived_feature_layer,True,False,blocked_unsafe_known_structure,ordinary continuous primitive consumed sparse event or discrete state field,limit_up_touch_not_close_count_t10|seal_circulation_rate,Mean|ZScore,EventCount|EventAge|EventTransition|StateDwell|WindowStateCount,phase3ce1_typed_primitive_gate_v1_20260618,phase3ce1_g2_input_gate_smoke,g2_selector_input_smoke,mature_g2_candidate,blocked_unsafe_known_structure,reject,upstream typed gate already rejected row
cn_factor_event_x_flow_0619,"CSRank(Mul(ZScore(Mean($limit_up_touch_not_close_count_t2,5)),ZScore(Mean($amount,10))))",event_x_flow,interaction_factor,limit_up_touch_not_close_count_t2|amount,True,phase3aa_event_0607_cn_factor_event_x_flow_0619,event_derived_feature_layer,True,False,blocked_unsafe_known_structure,ordinary continuous primitive consumed sparse event or discrete state field,limit_up_touch_not_close_count_t2,Mean|ZScore,EventCount|EventAge|EventTransition|StateDwell|WindowStateCount,phase3ce1_typed_primitive_gate_v1_20260618,phase3ce1_g2_input_gate_smoke,g2_selector_input_smoke,mature_g2_candidate,blocked_unsafe_known_structure,reject,upstream typed gate already rejected row
cn_factor_event_x_flow_0620,"CSRank(Mul(ZScore(Mean($limit_up_touch_not_close_count_t2,5)),ZScore(Mean($turnover_ratio,10))))",event_x_flow,interaction_factor,limit_up_touch_not_close_count_t2|turnover_ratio,True,phase3aa_event_0608_cn_factor_event_x_flow_0620,event_derived_feature_layer,True,False,blocked_unsafe_known_structure,ordinary continuous primitive consumed sparse event or discrete state field,limit_up_touch_not_close_count_t2,Mean|ZScore,EventCount|EventAge|EventTransition|StateDwell|WindowStateCount,phase3ce1_typed_primitive_gate_v1_20260618,phase3ce1_g2_input_gate_smoke,g2_selector_input_smoke,mature_g2_candidate,blocked_unsafe_known_structure,reject,upstream typed gate already rejected row
cn_factor_event_x_flow_0621,"CSRank(Mul(ZScore(Mean($limit_up_touch_not_close_count_t2,5)),ZScore(Mean($turnover_ratio_real,10))))",event_x_flow,interaction_factor,limit_up_touch_not_close_count_t2|turnover_ratio_real,True,phase3aa_event_0609_cn_factor_event_x_flow_0621,event_derived_feature_layer,True,False,blocked_unsafe_known_structure,ordinary continuous primitive consumed sparse event or discrete state field,limit_up_touch_not_close_count_t2,Mean|ZScore,EventCount|EventAge|EventTransition|StateDwell|WindowStateCount,phase3ce1_typed_primitive_gate_v1_20260618,phase3ce1_g2_input_gate_smoke,g2_selector_input_smoke,mature_g2_candidate,blocked_unsafe_known_structure,reject,upstream typed gate already rejected row
cn_factor_event_x_flow_0622,"CSRank(Mul(ZScore(Mean($limit_up_touch_not_close_count_t2,5)),ZScore(Mean($seal_money,10))))",event_x_flow,interaction_factor,limit_up_touch_not_close_count_t2|seal_money,True,phase3aa_event_0610_cn_factor_event_x_flow_0622,event_derived_feature_layer,True,False,blocked_unsafe_known_structure,ordinary continuous primitive consumed sparse event or discrete state field,limit_up_touch_not_close_count_t2|seal_money,Mean|ZScore,EventCount|EventAge|EventTransition|StateDwell|WindowStateCount,phase3ce1_typed_primitive_gate_v1_20260618,phase3ce1_g2_input_gate_smoke,g2_selector_input_smoke,mature_g2_candidate,blocked_unsafe_known_structure,reject,upstream typed gate already rejected row
cn_factor_event_x_flow_0623,"CSRank(Mul(ZScore(Mean($limit_up_touch_not_close_count_t2,5)),ZScore(Mean($seal_rate,10))))",event_x_flow,interaction_factor,limit_up_touch_not_close_count_t2|seal_rate,True,phase3aa_event_0611_cn_factor_event_x_flow_0623,event_derived_feature_layer,True,False,blocked_unsafe_known_structure,ordinary continuous primitive consumed sparse event or discrete state field,limit_up_touch_not_close_count_t2|seal_rate,Mean|ZScore,EventCount|EventAge|EventTransition|StateDwell|WindowStateCount,phase3ce1_typed_primitive_gate_v1_20260618,phase3ce1_g2_input_gate_smoke,g2_selector_input_smoke,mature_g2_candidate,blocked_unsafe_known_structure,reject,upstream typed gate already rejected row
cn_factor_event_x_flow_0624,"CSRank(Mul(ZScore(Mean($limit_up_touch_not_close_count_t2,5)),ZScore(Mean($seal_circulation_rate,10))))",event_x_flow,interaction_factor,limit_up_touch_not_close_count_t2|seal_circulation_rate,True,phase3aa_event_0612_cn_factor_event_x_flow_0624,event_derived_feature_layer,True,False,blocked_unsafe_known_structure,ordinary continuous primitive consumed sparse event or discrete state field,limit_up_touch_not_close_count_t2|seal_circulation_rate,Mean|ZScore,EventCount|EventAge|EventTransition|StateDwell|WindowStateCount,phase3ce1_typed_primitive_gate_v1_20260618,phase3ce1_g2_input_gate_smoke,g2_selector_input_smoke,mature_g2_candidate,blocked_unsafe_known_structure,reject,upstream typed gate already rejected row
cn_factor_event_x_flow_0625,"CSRank(Mul(ZScore(Mean($limit_up_touch_not_close_count_t3,5)),ZScore(Mean($amount,10))))",event_x_flow,interaction_factor,limit_up_touch_not_close_count_t3|amount,True,phase3aa_event_0613_cn_factor_event_x_flow_0625,event_derived_feature_layer,True,False,blocked_unsafe_known_structure,ordinary continuous primitive consumed sparse event or discrete state field,limit_up_touch_not_close_count_t3,Mean|ZScore,EventCount|EventAge|EventTransition|StateDwell|WindowStateCount,phase3ce1_typed_primitive_gate_v1_20260618,phase3ce1_g2_input_gate_smoke,g2_selector_input_smoke,mature_g2_candidate,blocked_unsafe_known_structure,reject,upstream typed gate already rejected row
cn_factor_event_x_flow_0626,"CSRank(Mul(ZScore(Mean($limit_up_touch_not_close_count_t3,5)),ZScore(Mean($turnover_ratio,10))))",event_x_flow,interaction_factor,limit_up_touch_not_close_count_t3|turnover_ratio,True,phase3aa_event_0614_cn_factor_event_x_flow_0626,event_derived_feature_layer,True,False,blocked_unsafe_known_structure,ordinary continuous primitive consumed sparse event or discrete state field,limit_up_touch_not_close_count_t3,Mean|ZScore,EventCount|EventAge|EventTransition|StateDwell|WindowStateCount,phase3ce1_typed_primitive_gate_v1_20260618,phase3ce1_g2_input_gate_smoke,g2_selector_input_smoke,mature_g2_candidate,blocked_unsafe_known_structure,reject,upstream typed gate already rejected row
cn_factor_event_x_flow_0627,"CSRank(Mul(ZScore(Mean($limit_up_touch_not_close_count_t3,5)),ZScore(Mean($turnover_ratio_real,10))))",event_x_flow,interaction_factor,limit_up_touch_not_close_count_t3|turnover_ratio_real,True,phase3aa_event_0615_cn_factor_event_x_flow_0627,event_derived_feature_layer,True,False,blocked_unsafe_known_structure,ordinary continuous primitive consumed sparse event or discrete state field,limit_up_touch_not_close_count_t3,Mean|ZScore,EventCount|EventAge|EventTransition|StateDwell|WindowStateCount,phase3ce1_typed_primitive_gate_v1_20260618,phase3ce1_g2_input_gate_smoke,g2_selector_input_smoke,mature_g2_candidate,blocked_unsafe_known_structure,reject,upstream typed gate already rejected row
cn_factor_event_x_flow_0628,"CSRank(Mul(ZScore(Mean($limit_up_touch_not_close_count_t3,5)),ZScore(Mean($seal_money,10))))",event_x_flow,interaction_factor,limit_up_touch_not_close_count_t3|seal_money,True,phase3aa_event_0616_cn_factor_event_x_flow_0628,event_derived_feature_layer,True,False,blocked_unsafe_known_structure,ordinary continuous primitive consumed sparse event or discrete state field,limit_up_touch_not_close_count_t3|seal_money,Mean|ZScore,EventCount|EventAge|EventTransition|StateDwell|WindowStateCount,phase3ce1_typed_primitive_gate_v1_20260618,phase3ce1_g2_input_gate_smoke,g2_selector_input_smoke,mature_g2_candidate,blocked_unsafe_known_structure,reject,upstream typed gate already rejected row
cn_factor_event_x_flow_0629,"CSRank(Mul(ZScore(Mean($limit_up_touch_not_close_count_t3,5)),ZScore(Mean($seal_rate,10))))",event_x_flow,interaction_factor,limit_up_touch_not_close_count_t3|seal_rate,True,phase3aa_event_0617_cn_factor_event_x_flow_0629,event_derived_feature_layer,True,False,blocked_unsafe_known_structure,ordinary continuous primitive consumed sparse event or discrete state field,limit_up_touch_not_close_count_t3|seal_rate,Mean|ZScore,EventCount|EventAge|EventTransition|StateDwell|WindowStateCount,phase3ce1_typed_primitive_gate_v1_20260618,phase3ce1_g2_input_gate_smoke,g2_selector_input_smoke,mature_g2_candidate,blocked_unsafe_known_structure,reject,upstream typed gate already rejected row
cn_factor_event_x_flow_0630,"CSRank(Mul(ZScore(Mean($limit_up_touch_not_close_count_t3,5)),ZScore(Mean($seal_circulation_rate,10))))",event_x_flow,interaction_factor,limit_up_touch_not_close_count_t3|seal_circulation_rate,True,phase3aa_event_0618_cn_factor_event_x_flow_0630,event_derived_feature_layer,True,False,blocked_unsafe_known_structure,ordinary continuous primitive consumed sparse event or discrete state field,limit_up_touch_not_close_count_t3|seal_circulation_rate,Mean|ZScore,EventCount|EventAge|EventTransition|StateDwell|WindowStateCount,phase3ce1_typed_primitive_gate_v1_20260618,phase3ce1_g2_input_gate_smoke,g2_selector_input_smoke,mature_g2_candidate,blocked_unsafe_known_structure,reject,upstream typed gate already rejected row
cn_factor_event_x_flow_0631,"CSRank(Mul(ZScore(Mean($limit_up_touch_not_close_count_t4,5)),ZScore(Mean($amount,10))))",event_x_flow,interaction_factor,limit_up_touch_not_close_count_t4|amount,True,phase3aa_event_0619_cn_factor_event_x_flow_0631,event_derived_feature_layer,True,False,blocked_unsafe_known_structure,ordinary continuous primitive consumed sparse event or discrete state field,limit_up_touch_not_close_count_t4,Mean|ZScore,EventCount|EventAge|EventTransition|StateDwell|WindowStateCount,phase3ce1_typed_primitive_gate_v1_20260618,phase3ce1_g2_input_gate_smoke,g2_selector_input_smoke,mature_g2_candidate,blocked_unsafe_known_structure,reject,upstream typed gate already rejected row
cn_factor_event_x_flow_0632,"CSRank(Mul(ZScore(Mean($limit_up_touch_not_close_count_t4,5)),ZScore(Mean($turnover_ratio,10))))",event_x_flow,interaction_factor,limit_up_touch_not_close_count_t4|turnover_ratio,True,phase3aa_event_0620_cn_factor_event_x_flow_0632,event_derived_feature_layer,True,False,blocked_unsafe_known_structure,ordinary continuous primitive consumed sparse event or discrete state field,limit_up_touch_not_close_count_t4,Mean|ZScore,EventCount|EventAge|EventTransition|StateDwell|WindowStateCount,phase3ce1_typed_primitive_gate_v1_20260618,phase3ce1_g2_input_gate_smoke,g2_selector_input_smoke,mature_g2_candidate,blocked_unsafe_known_structure,reject,upstream typed gate already rejected row
cn_factor_event_x_flow_0633,"CSRank(Mul(ZScore(Mean($limit_up_touch_not_close_count_t4,5)),ZScore(Mean($turnover_ratio_real,10))))",event_x_flow,interaction_factor,limit_up_touch_not_close_count_t4|turnover_ratio_real,True,phase3aa_event_0621_cn_factor_event_x_flow_0633,event_derived_feature_layer,True,False,blocked_unsafe_known_structure,ordinary continuous primitive consumed sparse event or discrete state field,limit_up_touch_not_close_count_t4,Mean|ZScore,EventCount|EventAge|EventTransition|StateDwell|WindowStateCount,phase3ce1_typed_primitive_gate_v1_20260618,phase3ce1_g2_input_gate_smoke,g2_selector_input_smoke,mature_g2_candidate,blocked_unsafe_known_structure,reject,upstream typed gate already rejected row
cn_factor_event_x_flow_0634,"CSRank(Mul(ZScore(Mean($limit_up_touch_not_close_count_t4,5)),ZScore(Mean($seal_money,10))))",event_x_flow,interaction_factor,limit_up_touch_not_close_count_t4|seal_money,True,phase3aa_event_0622_cn_factor_event_x_flow_0634,event_derived_feature_layer,True,False,blocked_unsafe_known_structure,ordinary continuous primitive consumed sparse event or discrete state field,limit_up_touch_not_close_count_t4|seal_money,Mean|ZScore,EventCount|EventAge|EventTransition|StateDwell|WindowStateCount,phase3ce1_typed_primitive_gate_v1_20260618,phase3ce1_g2_input_gate_smoke,g2_selector_input_smoke,mature_g2_candidate,blocked_unsafe_known_structure,reject,upstream typed gate already rejected row
cn_factor_event_x_flow_0635,"CSRank(Mul(ZScore(Mean($limit_up_touch_not_close_count_t4,5)),ZScore(Mean($seal_rate,10))))",event_x_flow,interaction_factor,limit_up_touch_not_close_count_t4|seal_rate,True,phase3aa_event_0623_cn_factor_event_x_flow_0635,event_derived_feature_layer,True,False,blocked_unsafe_known_structure,ordinary continuous primitive consumed sparse event or discrete state field,limit_up_touch_not_close_count_t4|seal_rate,Mean|ZScore,EventCount|EventAge|EventTransition|StateDwell|WindowStateCount,phase3ce1_typed_primitive_gate_v1_20260618,phase3ce1_g2_input_gate_smoke,g2_selector_input_smoke,mature_g2_candidate,blocked_unsafe_known_structure,reject,upstream typed gate already rejected row
cn_factor_event_x_flow_0636,"CSRank(Mul(ZScore(Mean($limit_up_touch_not_close_count_t4,5)),ZScore(Mean($seal_circulation_rate,10))))",event_x_flow,interaction_factor,limit_up_touch_not_close_count_t4|seal_circulation_rate,True,phase3aa_event_0624_cn_factor_event_x_flow_0636,event_derived_feature_layer,True,False,blocked_unsafe_known_structure,ordinary continuous primitive consumed sparse event or discrete state field,limit_up_touch_not_close_count_t4|seal_circulation_rate,Mean|ZScore,EventCount|EventAge|EventTransition|StateDwell|WindowStateCount,phase3ce1_typed_primitive_gate_v1_20260618,phase3ce1_g2_input_gate_smoke,g2_selector_input_smoke,mature_g2_candidate,blocked_unsafe_known_structure,reject,upstream typed gate already rejected row
cn_factor_event_x_flow_0637,"CSRank(Mul(ZScore(Mean($limit_up_touch_not_close_count_t5,5)),ZScore(Mean($amount,10))))",event_x_flow,interaction_factor,limit_up_touch_not_close_count_t5|amount,True,phase3aa_event_0625_cn_factor_event_x_flow_0637,event_derived_feature_layer,True,False,blocked_unsafe_known_structure,ordinary continuous primitive consumed sparse event or discrete state field,limit_up_touch_not_close_count_t5,Mean|ZScore,EventCount|EventAge|EventTransition|StateDwell|WindowStateCount,phase3ce1_typed_primitive_gate_v1_20260618,phase3ce1_g2_input_gate_smoke,g2_selector_input_smoke,mature_g2_candidate,blocked_unsafe_known_structure,reject,upstream typed gate already rejected row
cn_factor_event_x_flow_0638,"CSRank(Mul(ZScore(Mean($limit_up_touch_not_close_count_t5,5)),ZScore(Mean($turnover_ratio,10))))",event_x_flow,interaction_factor,limit_up_touch_not_close_count_t5|turnover_ratio,True,phase3aa_event_0626_cn_factor_event_x_flow_0638,event_derived_feature_layer,True,False,blocked_unsafe_known_structure,ordinary continuous primitive consumed sparse event or discrete state field,limit_up_touch_not_close_count_t5,Mean|ZScore,EventCount|EventAge|EventTransition|StateDwell|WindowStateCount,phase3ce1_typed_primitive_gate_v1_20260618,phase3ce1_g2_input_gate_smoke,g2_selector_input_smoke,mature_g2_candidate,blocked_unsafe_known_structure,reject,upstream typed gate already rejected row
cn_factor_event_x_flow_0639,"CSRank(Mul(ZScore(Mean($limit_up_touch_not_close_count_t5,5)),ZScore(Mean($turnover_ratio_real,10))))",event_x_flow,interaction_factor,limit_up_touch_not_close_count_t5|turnover_ratio_real,True,phase3aa_event_0627_cn_factor_event_x_flow_0639,event_derived_feature_layer,True,False,blocked_unsafe_known_structure,ordinary continuous primitive consumed sparse event or discrete state field,limit_up_touch_not_close_count_t5,Mean|ZScore,EventCount|EventAge|EventTransition|StateDwell|WindowStateCount,phase3ce1_typed_primitive_gate_v1_20260618,phase3ce1_g2_input_gate_smoke,g2_selector_input_smoke,mature_g2_candidate,blocked_unsafe_known_structure,reject,upstream typed gate already rejected row
cn_factor_event_x_flow_0640,"CSRank(Mul(ZScore(Mean($limit_up_touch_not_close_count_t5,5)),ZScore(Mean($seal_money,10))))",event_x_flow,interaction_factor,limit_up_touch_not_close_count_t5|seal_money,True,phase3aa_event_0628_cn_factor_event_x_flow_0640,event_derived_feature_layer,True,False,blocked_unsafe_known_structure,ordinary continuous primitive consumed sparse event or discrete state field,limit_up_touch_not_close_count_t5|seal_money,Mean|ZScore,EventCount|EventAge|EventTransition|StateDwell|WindowStateCount,phase3ce1_typed_primitive_gate_v1_20260618,phase3ce1_g2_input_gate_smoke,g2_selector_input_smoke,mature_g2_candidate,blocked_unsafe_known_structure,reject,upstream typed gate already rejected row
cn_factor_event_x_flow_0641,"CSRank(Mul(ZScore(Mean($limit_up_touch_not_close_count_t5,5)),ZScore(Mean($seal_rate,10))))",event_x_flow,interaction_factor,limit_up_touch_not_close_count_t5|seal_rate,True,phase3aa_event_0629_cn_factor_event_x_flow_0641,event_derived_feature_layer,True,False,blocked_unsafe_known_structure,ordinary continuous primitive consumed sparse event or discrete state field,limit_up_touch_not_close_count_t5|seal_rate,Mean|ZScore,EventCount|EventAge|EventTransition|StateDwell|WindowStateCount,phase3ce1_typed_primitive_gate_v1_20260618,phase3ce1_g2_input_gate_smoke,g2_selector_input_smoke,mature_g2_candidate,blocked_unsafe_known_structure,reject,upstream typed gate already rejected row
cn_factor_event_x_flow_0642,"CSRank(Mul(ZScore(Mean($limit_up_touch_not_close_count_t5,5)),ZScore(Mean($seal_circulation_rate,10))))",event_x_flow,interaction_factor,limit_up_touch_not_close_count_t5|seal_circulation_rate,True,phase3aa_event_0630_cn_factor_event_x_flow_0642,event_derived_feature_layer,True,False,blocked_unsafe_known_structure,ordinary continuous primitive consumed sparse event or discrete state field,limit_up_touch_not_close_count_t5|seal_circulation_rate,Mean|ZScore,EventCount|EventAge|EventTransition|StateDwell|WindowStateCount,phase3ce1_typed_primitive_gate_v1_20260618,phase3ce1_g2_input_gate_smoke,g2_selector_input_smoke,mature_g2_candidate,blocked_unsafe_known_structure,reject,upstream typed gate already rejected row
cn_factor_event_x_flow_0643,"CSRank(Mul(ZScore(Mean($limit_up_touch_not_close_count_t6,5)),ZScore(Mean($amount,10))))",event_x_flow,interaction_factor,limit_up_touch_not_close_count_t6|amount,True,phase3aa_event_0631_cn_factor_event_x_flow_0643,event_derived_feature_layer,True,False,blocked_unsafe_known_structure,ordinary continuous primitive consumed sparse event or discrete state field,limit_up_touch_not_close_count_t6,Mean|ZScore,EventCount|EventAge|EventTransition|StateDwell|WindowStateCount,phase3ce1_typed_primitive_gate_v1_20260618,phase3ce1_g2_input_gate_smoke,g2_selector_input_smoke,mature_g2_candidate,blocked_unsafe_known_structure,reject,upstream typed gate already rejected row
cn_factor_event_x_flow_0644,"CSRank(Mul(ZScore(Mean($limit_up_touch_not_close_count_t6,5)),ZScore(Mean($turnover_ratio,10))))",event_x_flow,interaction_factor,limit_up_touch_not_close_count_t6|turnover_ratio,True,phase3aa_event_0632_cn_factor_event_x_flow_0644,event_derived_feature_layer,True,False,blocked_unsafe_known_structure,ordinary continuous primitive consumed sparse event or discrete state field,limit_up_touch_not_close_count_t6,Mean|ZScore,EventCount|EventAge|EventTransition|StateDwell|WindowStateCount,phase3ce1_typed_primitive_gate_v1_20260618,phase3ce1_g2_input_gate_smoke,g2_selector_input_smoke,mature_g2_candidate,blocked_unsafe_known_structure,reject,upstream typed gate already rejected row
cn_factor_event_x_flow_0645,"CSRank(Mul(ZScore(Mean($limit_up_touch_not_close_count_t6,5)),ZScore(Mean($turnover_ratio_real,10))))",event_x_flow,interaction_factor,limit_up_touch_not_close_count_t6|turnover_ratio_real,True,phase3aa_event_0633_cn_factor_event_x_flow_0645,event_derived_feature_layer,True,False,blocked_unsafe_known_structure,ordinary continuous primitive consumed sparse event or discrete state field,limit_up_touch_not_close_count_t6,Mean|ZScore,EventCount|EventAge|EventTransition|StateDwell|WindowStateCount,phase3ce1_typed_primitive_gate_v1_20260618,phase3ce1_g2_input_gate_smoke,g2_selector_input_smoke,mature_g2_candidate,blocked_unsafe_known_structure,reject,upstream typed gate already rejected row
cn_factor_event_x_flow_0646,"CSRank(Mul(ZScore(Mean($limit_up_touch_not_close_count_t6,5)),ZScore(Mean($seal_money,10))))",event_x_flow,interaction_factor,limit_up_touch_not_close_count_t6|seal_money,True,phase3aa_event_0634_cn_factor_event_x_flow_0646,event_derived_feature_layer,True,False,blocked_unsafe_known_structure,ordinary continuous primitive consumed sparse event or discrete state field,limit_up_touch_not_close_count_t6|seal_money,Mean|ZScore,EventCount|EventAge|EventTransition|StateDwell|WindowStateCount,phase3ce1_typed_primitive_gate_v1_20260618,phase3ce1_g2_input_gate_smoke,g2_selector_input_smoke,mature_g2_candidate,blocked_unsafe_known_structure,reject,upstream typed gate already rejected row
cn_factor_event_x_flow_0647,"CSRank(Mul(ZScore(Mean($limit_up_touch_not_close_count_t6,5)),ZScore(Mean($seal_rate,10))))",event_x_flow,interaction_factor,limit_up_touch_not_close_count_t6|seal_rate,True,phase3aa_event_0635_cn_factor_event_x_flow_0647,event_derived_feature_layer,True,False,blocked_unsafe_known_structure,ordinary continuous primitive consumed sparse event or discrete state field,limit_up_touch_not_close_count_t6|seal_rate,Mean|ZScore,EventCount|EventAge|EventTransition|StateDwell|WindowStateCount,phase3ce1_typed_primitive_gate_v1_20260618,phase3ce1_g2_input_gate_smoke,g2_selector_input_smoke,mature_g2_candidate,blocked_unsafe_known_structure,reject,upstream typed gate already rejected row
cn_factor_event_x_flow_0648,"CSRank(Mul(ZScore(Mean($limit_up_touch_not_close_count_t6,5)),ZScore(Mean($seal_circulation_rate,10))))",event_x_flow,interaction_factor,limit_up_touch_not_close_count_t6|seal_circulation_rate,True,phase3aa_event_0636_cn_factor_event_x_flow_0648,event_derived_feature_layer,True,False,blocked_unsafe_known_structure,ordinary continuous primitive consumed sparse event or discrete state field,limit_up_touch_not_close_count_t6|seal_circulation_rate,Mean|ZScore,EventCount|EventAge|EventTransition|StateDwell|WindowStateCount,phase3ce1_typed_primitive_gate_v1_20260618,phase3ce1_g2_input_gate_smoke,g2_selector_input_smoke,mature_g2_candidate,blocked_unsafe_known_structure,reject,upstream typed gate already rejected row
cn_factor_event_residual_size_0649,"CSRank(CSResidual(ZScore(Mean($limit_up_any_close_not_open_in_t10,5)),CSRank(Log($float_market_cap_yuan))))",event_residual_size,interaction_factor,limit_up_any_close_not_open_in_t10|float_market_cap_yuan,True,phase3aa_event_0637_cn_factor_event_residual_size_0649,event_derived_feature_layer,True,False,blocked_unsafe_known_structure,ordinary continuous primitive consumed sparse event or discrete state field,limit_up_any_close_not_open_in_t10,CSResidual|Mean|ZScore,EventCount|EventAge|EventTransition|StateDwell|WindowStateCount,phase3ce1_typed_primitive_gate_v1_20260618,phase3ce1_g2_input_gate_smoke,g2_selector_input_smoke,mature_g2_candidate,blocked_unsafe_known_structure,reject,upstream typed gate already rejected row
cn_factor_event_residual_size_0650,"CSRank(CSResidual(ZScore(Mean($limit_up_any_close_not_open_in_t10,5)),CSRank(Log($actual_circulation_value))))",event_residual_size,interaction_factor,limit_up_any_close_not_open_in_t10|actual_circulation_value,True,phase3aa_event_0638_cn_factor_event_residual_size_0650,event_derived_feature_layer,True,False,blocked_unsafe_known_structure,ordinary continuous primitive consumed sparse event or discrete state field,limit_up_any_close_not_open_in_t10,CSResidual|Mean|ZScore,EventCount|EventAge|EventTransition|StateDwell|WindowStateCount,phase3ce1_typed_primitive_gate_v1_20260618,phase3ce1_g2_input_gate_smoke,g2_selector_input_smoke,mature_g2_candidate,blocked_unsafe_known_structure,reject,upstream typed gate already rejected row
cn_factor_event_residual_size_0651,"CSRank(CSResidual(ZScore(Mean($limit_up_any_close_not_open_in_t2,5)),CSRank(Log($float_market_cap_yuan))))",event_residual_size,interaction_factor,limit_up_any_close_not_open_in_t2|float_market_cap_yuan,True,phase3aa_event_0639_cn_factor_event_residual_size_0651,event_derived_feature_layer,True,False,blocked_unsafe_known_structure,ordinary continuous primitive consumed sparse event or discrete state field,limit_up_any_close_not_open_in_t2,CSResidual|Mean|ZScore,EventCount|EventAge|EventTransition|StateDwell|WindowStateCount,phase3ce1_typed_primitive_gate_v1_20260618,phase3ce1_g2_input_gate_smoke,g2_selector_input_smoke,mature_g2_candidate,blocked_unsafe_known_structure,reject,upstream typed gate already rejected row
cn_factor_event_residual_size_0652,"CSRank(CSResidual(ZScore(Mean($limit_up_any_close_not_open_in_t2,5)),CSRank(Log($actual_circulation_value))))",event_residual_size,interaction_factor,limit_up_any_close_not_open_in_t2|actual_circulation_value,True,phase3aa_event_0640_cn_factor_event_residual_size_0652,event_derived_feature_layer,True,False,blocked_unsafe_known_structure,ordinary continuous primitive consumed sparse event or discrete state field,limit_up_any_close_not_open_in_t2,CSResidual|Mean|ZScore,EventCount|EventAge|EventTransition|StateDwell|WindowStateCount,phase3ce1_typed_primitive_gate_v1_20260618,phase3ce1_g2_input_gate_smoke,g2_selector_input_smoke,mature_g2_candidate,blocked_unsafe_known_structure,reject,upstream typed gate already rejected row
cn_factor_event_residual_size_0653,"CSRank(CSResidual(ZScore(Mean($limit_up_any_close_not_open_in_t3,5)),CSRank(Log($float_market_cap_yuan))))",event_residual_size,interaction_factor,limit_up_any_close_not_open_in_t3|float_market_cap_yuan,True,phase3aa_event_0641_cn_factor_event_residual_size_0653,event_derived_feature_layer,True,False,blocked_unsafe_known_structure,ordinary continuous primitive consumed sparse event or discrete state field,limit_up_any_close_not_open_in_t3,CSResidual|Mean|ZScore,EventCount|EventAge|EventTransition|StateDwell|WindowStateCount,phase3ce1_typed_primitive_gate_v1_20260618,phase3ce1_g2_input_gate_smoke,g2_selector_input_smoke,mature_g2_candidate,blocked_unsafe_known_structure,reject,upstream typed gate already rejected row
cn_factor_event_residual_size_0654,"CSRank(CSResidual(ZScore(Mean($limit_up_any_close_not_open_in_t3,5)),CSRank(Log($actual_circulation_value))))",event_residual_size,interaction_factor,limit_up_any_close_not_open_in_t3|actual_circulation_value,True,phase3aa_event_0642_cn_factor_event_residual_size_0654,event_derived_feature_layer,True,False,blocked_unsafe_known_structure,ordinary continuous primitive consumed sparse event or discrete state field,limit_up_any_close_not_open_in_t3,CSResidual|Mean|ZScore,EventCount|EventAge|EventTransition|StateDwell|WindowStateCount,phase3ce1_typed_primitive_gate_v1_20260618,phase3ce1_g2_input_gate_smoke,g2_selector_input_smoke,mature_g2_candidate,blocked_unsafe_known_structure,reject,upstream typed gate already rejected row
cn_factor_event_residual_size_0655,"CSRank(CSResidual(ZScore(Mean($limit_up_any_close_not_open_in_t4,5)),CSRank(Log($float_market_cap_yuan))))",event_residual_size,interaction_factor,limit_up_any_close_not_open_in_t4|float_market_cap_yuan,True,phase3aa_event_0643_cn_factor_event_residual_size_0655,event_derived_feature_layer,True,False,blocked_unsafe_known_structure,ordinary continuous primitive consumed sparse event or discrete state field,limit_up_any_close_not_open_in_t4,CSResidual|Mean|ZScore,EventCount|EventAge|EventTransition|StateDwell|WindowStateCount,phase3ce1_typed_primitive_gate_v1_20260618,phase3ce1_g2_input_gate_smoke,g2_selector_input_smoke,mature_g2_candidate,blocked_unsafe_known_structure,reject,upstream typed gate already rejected row
cn_factor_event_residual_size_0656,"CSRank(CSResidual(ZScore(Mean($limit_up_any_close_not_open_in_t4,5)),CSRank(Log($actual_circulation_value))))",event_residual_size,interaction_factor,limit_up_any_close_not_open_in_t4|actual_circulation_value,True,phase3aa_event_0644_cn_factor_event_residual_size_0656,event_derived_feature_layer,True,False,blocked_unsafe_known_structure,ordinary continuous primitive consumed sparse event or discrete state field,limit_up_any_close_not_open_in_t4,CSResidual|Mean|ZScore,EventCount|EventAge|EventTransition|StateDwell|WindowStateCount,phase3ce1_typed_primitive_gate_v1_20260618,phase3ce1_g2_input_gate_smoke,g2_selector_input_smoke,mature_g2_candidate,blocked_unsafe_known_structure,reject,upstream typed gate already rejected row
cn_factor_event_residual_size_0657,"CSRank(CSResidual(ZScore(Mean($limit_up_any_close_not_open_in_t5,5)),CSRank(Log($float_market_cap_yuan))))",event_residual_size,interaction_factor,limit_up_any_close_not_open_in_t5|float_market_cap_yuan,True,phase3aa_event_0645_cn_factor_event_residual_size_0657,event_derived_feature_layer,True,False,blocked_unsafe_known_structure,ordinary continuous primitive consumed sparse event or discrete state field,limit_up_any_close_not_open_in_t5,CSResidual|Mean|ZScore,EventCount|EventAge|EventTransition|StateDwell|WindowStateCount,phase3ce1_typed_primitive_gate_v1_20260618,phase3ce1_g2_input_gate_smoke,g2_selector_input_smoke,mature_g2_candidate,blocked_unsafe_known_structure,reject,upstream typed gate already rejected row
cn_factor_event_residual_size_0658,"CSRank(CSResidual(ZScore(Mean($limit_up_any_close_not_open_in_t5,5)),CSRank(Log($actual_circulation_value))))",event_residual_size,interaction_factor,limit_up_any_close_not_open_in_t5|actual_circulation_value,True,phase3aa_event_0646_cn_factor_event_residual_size_0658,event_derived_feature_layer,True,False,blocked_unsafe_known_structure,ordinary continuous primitive consumed sparse event or discrete state field,limit_up_any_close_not_open_in_t5,CSResidual|Mean|ZScore,EventCount|EventAge|EventTransition|StateDwell|WindowStateCount,phase3ce1_typed_primitive_gate_v1_20260618,phase3ce1_g2_input_gate_smoke,g2_selector_input_smoke,mature_g2_candidate,blocked_unsafe_known_structure,reject,upstream typed gate already rejected row
cn_factor_event_residual_size_0659,"CSRank(CSResidual(ZScore(Mean($limit_up_any_close_not_open_in_t6,5)),CSRank(Log($float_market_cap_yuan))))",event_residual_size,interaction_factor,limit_up_any_close_not_open_in_t6|float_market_cap_yuan,True,phase3aa_event_0647_cn_factor_event_residual_size_0659,event_derived_feature_layer,True,False,blocked_unsafe_known_structure,ordinary continuous primitive consumed sparse event or discrete state field,limit_up_any_close_not_open_in_t6,CSResidual|Mean|ZScore,EventCount|EventAge|EventTransition|StateDwell|WindowStateCount,phase3ce1_typed_primitive_gate_v1_20260618,phase3ce1_g2_input_gate_smoke,g2_selector_input_smoke,mature_g2_candidate,blocked_unsafe_known_structure,reject,upstream typed gate already rejected row
cn_factor_event_residual_size_0660,"CSRank(CSResidual(ZScore(Mean($limit_up_any_close_not_open_in_t6,5)),CSRank(Log($actual_circulation_value))))",event_residual_size,interaction_factor,limit_up_any_close_not_open_in_t6|actual_circulation_value,True,phase3aa_event_0648_cn_factor_event_residual_size_0660,event_derived_feature_layer,True,False,blocked_unsafe_known_structure,ordinary continuous primitive consumed sparse event or discrete state field,limit_up_any_close_not_open_in_t6,CSResidual|Mean|ZScore,EventCount|EventAge|EventTransition|StateDwell|WindowStateCount,phase3ce1_typed_primitive_gate_v1_20260618,phase3ce1_g2_input_gate_smoke,g2_selector_input_smoke,mature_g2_candidate,blocked_unsafe_known_structure,reject,upstream typed gate already rejected row
cn_factor_event_residual_size_0661,"CSRank(CSResidual(ZScore(Mean($limit_up_any_close_not_open_in_t7,5)),CSRank(Log($float_market_cap_yuan))))",event_residual_size,interaction_factor,limit_up_any_close_not_open_in_t7|float_market_cap_yuan,True,phase3aa_event_0649_cn_factor_event_residual_size_0661,event_derived_feature_layer,True,False,blocked_unsafe_known_structure,ordinary continuous primitive consumed sparse event or discrete state field,limit_up_any_close_not_open_in_t7,CSResidual|Mean|ZScore,EventCount|EventAge|EventTransition|StateDwell|WindowStateCount,phase3ce1_typed_primitive_gate_v1_20260618,phase3ce1_g2_input_gate_smoke,g2_selector_input_smoke,mature_g2_candidate,blocked_unsafe_known_structure,reject,upstream typed gate already rejected row
cn_factor_event_residual_size_0662,"CSRank(CSResidual(ZScore(Mean($limit_up_any_close_not_open_in_t7,5)),CSRank(Log($actual_circulation_value))))",event_residual_size,interaction_factor,limit_up_any_close_not_open_in_t7|actual_circulation_value,True,phase3aa_event_0650_cn_factor_event_residual_size_0662,event_derived_feature_layer,True,False,blocked_unsafe_known_structure,ordinary continuous primitive consumed sparse event or discrete state field,limit_up_any_close_not_open_in_t7,CSResidual|Mean|ZScore,EventCount|EventAge|EventTransition|StateDwell|WindowStateCount,phase3ce1_typed_primitive_gate_v1_20260618,phase3ce1_g2_input_gate_smoke,g2_selector_input_smoke,mature_g2_candidate,blocked_unsafe_known_structure,reject,upstream typed gate already rejected row
cn_factor_event_residual_size_0663,"CSRank(CSResidual(ZScore(Mean($limit_up_any_close_not_open_in_t8,5)),CSRank(Log($float_market_cap_yuan))))",event_residual_size,interaction_factor,limit_up_any_close_not_open_in_t8|float_market_cap_yuan,True,phase3aa_event_0651_cn_factor_event_residual_size_0663,event_derived_feature_layer,True,False,blocked_unsafe_known_structure,ordinary continuous primitive consumed sparse event or discrete state field,limit_up_any_close_not_open_in_t8,CSResidual|Mean|ZScore,EventCount|EventAge|EventTransition|StateDwell|WindowStateCount,phase3ce1_typed_primitive_gate_v1_20260618,phase3ce1_g2_input_gate_smoke,g2_selector_input_smoke,mature_g2_candidate,blocked_unsafe_known_structure,reject,upstream typed gate already rejected row
cn_factor_event_residual_size_0664,"CSRank(CSResidual(ZScore(Mean($limit_up_any_close_not_open_in_t8,5)),CSRank(Log($actual_circulation_value))))",event_residual_size,interaction_factor,limit_up_any_close_not_open_in_t8|actual_circulation_value,True,phase3aa_event_0652_cn_factor_event_residual_size_0664,event_derived_feature_layer,True,False,blocked_unsafe_known_structure,ordinary continuous primitive consumed sparse event or discrete state field,limit_up_any_close_not_open_in_t8,CSResidual|Mean|ZScore,EventCount|EventAge|EventTransition|StateDwell|WindowStateCount,phase3ce1_typed_primitive_gate_v1_20260618,phase3ce1_g2_input_gate_smoke,g2_selector_input_smoke,mature_g2_candidate,blocked_unsafe_known_structure,reject,upstream typed gate already rejected row
cn_factor_event_residual_size_0665,"CSRank(CSResidual(ZScore(Mean($limit_up_any_close_not_open_in_t9,5)),CSRank(Log($float_market_cap_yuan))))",event_residual_size,interaction_factor,limit_up_any_close_not_open_in_t9|float_market_cap_yuan,True,phase3aa_event_0653_cn_factor_event_residual_size_0665,event_derived_feature_layer,True,False,blocked_unsafe_known_structure,ordinary continuous primitive consumed sparse event or discrete state field,limit_up_any_close_not_open_in_t9,CSResidual|Mean|ZScore,EventCount|EventAge|EventTransition|StateDwell|WindowStateCount,phase3ce1_typed_primitive_gate_v1_20260618,phase3ce1_g2_input_gate_smoke,g2_selector_input_smoke,mature_g2_candidate,blocked_unsafe_known_structure,reject,upstream typed gate already rejected row
cn_factor_event_residual_size_0666,"CSRank(CSResidual(ZScore(Mean($limit_up_any_close_not_open_in_t9,5)),CSRank(Log($actual_circulation_value))))",event_residual_size,interaction_factor,limit_up_any_close_not_open_in_t9|actual_circulation_value,True,phase3aa_event_0654_cn_factor_event_residual_size_0666,event_derived_feature_layer,True,False,blocked_unsafe_known_structure,ordinary continuous primitive consumed sparse event or discrete state field,limit_up_any_close_not_open_in_t9,CSResidual|Mean|ZScore,EventCount|EventAge|EventTransition|StateDwell|WindowStateCount,phase3ce1_typed_primitive_gate_v1_20260618,phase3ce1_g2_input_gate_smoke,g2_selector_input_smoke,mature_g2_candidate,blocked_unsafe_known_structure,reject,upstream typed gate already rejected row
cn_factor_event_residual_size_0667,"CSRank(CSResidual(ZScore(Mean($limit_up_any_open_not_close_in_t10,5)),CSRank(Log($float_market_cap_yuan))))",event_residual_size,interaction_factor,limit_up_any_open_not_close_in_t10|float_market_cap_yuan,True,phase3aa_event_0655_cn_factor_event_residual_size_0667,event_derived_feature_layer,True,False,blocked_unsafe_known_structure,ordinary continuous primitive consumed sparse event or discrete state field,limit_up_any_open_not_close_in_t10,CSResidual|Mean|ZScore,EventCount|EventAge|EventTransition|StateDwell|WindowStateCount,phase3ce1_typed_primitive_gate_v1_20260618,phase3ce1_g2_input_gate_smoke,g2_selector_input_smoke,mature_g2_candidate,blocked_unsafe_known_structure,reject,upstream typed gate already rejected row
cn_factor_event_residual_size_0668,"CSRank(CSResidual(ZScore(Mean($limit_up_any_open_not_close_in_t10,5)),CSRank(Log($actual_circulation_value))))",event_residual_size,interaction_factor,limit_up_any_open_not_close_in_t10|actual_circulation_value,True,phase3aa_event_0656_cn_factor_event_residual_size_0668,event_derived_feature_layer,True,False,blocked_unsafe_known_structure,ordinary continuous primitive consumed sparse event or discrete state field,limit_up_any_open_not_close_in_t10,CSResidual|Mean|ZScore,EventCount|EventAge|EventTransition|StateDwell|WindowStateCount,phase3ce1_typed_primitive_gate_v1_20260618,phase3ce1_g2_input_gate_smoke,g2_selector_input_smoke,mature_g2_candidate,blocked_unsafe_known_structure,reject,upstream typed gate already rejected row
cn_factor_event_residual_size_0669,"CSRank(CSResidual(ZScore(Mean($limit_up_any_open_not_close_in_t2,5)),CSRank(Log($float_market_cap_yuan))))",event_residual_size,interaction_factor,limit_up_any_open_not_close_in_t2|float_market_cap_yuan,True,phase3aa_event_0657_cn_factor_event_residual_size_0669,event_derived_feature_layer,True,False,blocked_unsafe_known_structure,ordinary continuous primitive consumed sparse event or discrete state field,limit_up_any_open_not_close_in_t2,CSResidual|Mean|ZScore,EventCount|EventAge|EventTransition|StateDwell|WindowStateCount,phase3ce1_typed_primitive_gate_v1_20260618,phase3ce1_g2_input_gate_smoke,g2_selector_input_smoke,mature_g2_candidate,blocked_unsafe_known_structure,reject,upstream typed gate already rejected row
cn_factor_event_residual_size_0670,"CSRank(CSResidual(ZScore(Mean($limit_up_any_open_not_close_in_t2,5)),CSRank(Log($actual_circulation_value))))",event_residual_size,interaction_factor,limit_up_any_open_not_close_in_t2|actual_circulation_value,True,phase3aa_event_0658_cn_factor_event_residual_size_0670,event_derived_feature_layer,True,False,blocked_unsafe_known_structure,ordinary continuous primitive consumed sparse event or discrete state field,limit_up_any_open_not_close_in_t2,CSResidual|Mean|ZScore,EventCount|EventAge|EventTransition|StateDwell|WindowStateCount,phase3ce1_typed_primitive_gate_v1_20260618,phase3ce1_g2_input_gate_smoke,g2_selector_input_smoke,mature_g2_candidate,blocked_unsafe_known_structure,reject,upstream typed gate already rejected row
cn_factor_event_residual_size_0671,"CSRank(CSResidual(ZScore(Mean($limit_up_any_open_not_close_in_t3,5)),CSRank(Log($float_market_cap_yuan))))",event_residual_size,interaction_factor,limit_up_any_open_not_close_in_t3|float_market_cap_yuan,True,phase3aa_event_0659_cn_factor_event_residual_size_0671,event_derived_feature_layer,True,False,blocked_unsafe_known_structure,ordinary continuous primitive consumed sparse event or discrete state field,limit_up_any_open_not_close_in_t3,CSResidual|Mean|ZScore,EventCount|EventAge|EventTransition|StateDwell|WindowStateCount,phase3ce1_typed_primitive_gate_v1_20260618,phase3ce1_g2_input_gate_smoke,g2_selector_input_smoke,mature_g2_candidate,blocked_unsafe_known_structure,reject,upstream typed gate already rejected row
cn_factor_event_residual_size_0672,"CSRank(CSResidual(ZScore(Mean($limit_up_any_open_not_close_in_t3,5)),CSRank(Log($actual_circulation_value))))",event_residual_size,interaction_factor,limit_up_any_open_not_close_in_t3|actual_circulation_value,True,phase3aa_event_0660_cn_factor_event_residual_size_0672,event_derived_feature_layer,True,False,blocked_unsafe_known_structure,ordinary continuous primitive consumed sparse event or discrete state field,limit_up_any_open_not_close_in_t3,CSResidual|Mean|ZScore,EventCount|EventAge|EventTransition|StateDwell|WindowStateCount,phase3ce1_typed_primitive_gate_v1_20260618,phase3ce1_g2_input_gate_smoke,g2_selector_input_smoke,mature_g2_candidate,blocked_unsafe_known_structure,reject,upstream typed gate already rejected row
cn_factor_event_residual_size_0673,"CSRank(CSResidual(ZScore(Mean($limit_up_any_open_not_close_in_t4,5)),CSRank(Log($float_market_cap_yuan))))",event_residual_size,interaction_factor,limit_up_any_open_not_close_in_t4|float_market_cap_yuan,True,phase3aa_event_0661_cn_factor_event_residual_size_0673,event_derived_feature_layer,True,False,blocked_unsafe_known_structure,ordinary continuous primitive consumed sparse event or discrete state field,limit_up_any_open_not_close_in_t4,CSResidual|Mean|ZScore,EventCount|EventAge|EventTransition|StateDwell|WindowStateCount,phase3ce1_typed_primitive_gate_v1_20260618,phase3ce1_g2_input_gate_smoke,g2_selector_input_smoke,mature_g2_candidate,blocked_unsafe_known_structure,reject,upstream typed gate already rejected row
cn_factor_event_residual_size_0674,"CSRank(CSResidual(ZScore(Mean($limit_up_any_open_not_close_in_t4,5)),CSRank(Log($actual_circulation_value))))",event_residual_size,interaction_factor,limit_up_any_open_not_close_in_t4|actual_circulation_value,True,phase3aa_event_0662_cn_factor_event_residual_size_0674,event_derived_feature_layer,True,False,blocked_unsafe_known_structure,ordinary continuous primitive consumed sparse event or discrete state field,limit_up_any_open_not_close_in_t4,CSResidual|Mean|ZScore,EventCount|EventAge|EventTransition|StateDwell|WindowStateCount,phase3ce1_typed_primitive_gate_v1_20260618,phase3ce1_g2_input_gate_smoke,g2_selector_input_smoke,mature_g2_candidate,blocked_unsafe_known_structure,reject,upstream typed gate already rejected row
cn_factor_event_residual_size_0675,"CSRank(CSResidual(ZScore(Mean($limit_up_any_open_not_close_in_t5,5)),CSRank(Log($float_market_cap_yuan))))",event_residual_size,interaction_factor,limit_up_any_open_not_close_in_t5|float_market_cap_yuan,True,phase3aa_event_0663_cn_factor_event_residual_size_0675,event_derived_feature_layer,True,False,blocked_unsafe_known_structure,ordinary continuous primitive consumed sparse event or discrete state field,limit_up_any_open_not_close_in_t5,CSResidual|Mean|ZScore,EventCount|EventAge|EventTransition|StateDwell|WindowStateCount,phase3ce1_typed_primitive_gate_v1_20260618,phase3ce1_g2_input_gate_smoke,g2_selector_input_smoke,mature_g2_candidate,blocked_unsafe_known_structure,reject,upstream typed gate already rejected row
cn_factor_event_residual_size_0676,"CSRank(CSResidual(ZScore(Mean($limit_up_any_open_not_close_in_t5,5)),CSRank(Log($actual_circulation_value))))",event_residual_size,interaction_factor,limit_up_any_open_not_close_in_t5|actual_circulation_value,True,phase3aa_event_0664_cn_factor_event_residual_size_0676,event_derived_feature_layer,True,False,blocked_unsafe_known_structure,ordinary continuous primitive consumed sparse event or discrete state field,limit_up_any_open_not_close_in_t5,CSResidual|Mean|ZScore,EventCount|EventAge|EventTransition|StateDwell|WindowStateCount,phase3ce1_typed_primitive_gate_v1_20260618,phase3ce1_g2_input_gate_smoke,g2_selector_input_smoke,mature_g2_candidate,blocked_unsafe_known_structure,reject,upstream typed gate already rejected row
cn_factor_event_residual_size_0677,"CSRank(CSResidual(ZScore(Mean($limit_up_any_open_not_close_in_t6,5)),CSRank(Log($float_market_cap_yuan))))",event_residual_size,interaction_factor,limit_up_any_open_not_close_in_t6|float_market_cap_yuan,True,phase3aa_event_0665_cn_factor_event_residual_size_0677,event_derived_feature_layer,True,False,blocked_unsafe_known_structure,ordinary continuous primitive consumed sparse event or discrete state field,limit_up_any_open_not_close_in_t6,CSResidual|Mean|ZScore,EventCount|EventAge|EventTransition|StateDwell|WindowStateCount,phase3ce1_typed_primitive_gate_v1_20260618,phase3ce1_g2_input_gate_smoke,g2_selector_input_smoke,mature_g2_candidate,blocked_unsafe_known_structure,reject,upstream typed gate already rejected row
cn_factor_event_residual_size_0678,"CSRank(CSResidual(ZScore(Mean($limit_up_any_open_not_close_in_t6,5)),CSRank(Log($actual_circulation_value))))",event_residual_size,interaction_factor,limit_up_any_open_not_close_in_t6|actual_circulation_value,True,phase3aa_event_0666_cn_factor_event_residual_size_0678,event_derived_feature_layer,True,False,blocked_unsafe_known_structure,ordinary continuous primitive consumed sparse event or discrete state field,limit_up_any_open_not_close_in_t6,CSResidual|Mean|ZScore,EventCount|EventAge|EventTransition|StateDwell|WindowStateCount,phase3ce1_typed_primitive_gate_v1_20260618,phase3ce1_g2_input_gate_smoke,g2_selector_input_smoke,mature_g2_candidate,blocked_unsafe_known_structure,reject,upstream typed gate already rejected row
cn_factor_event_residual_size_0679,"CSRank(CSResidual(ZScore(Mean($limit_up_any_open_not_close_in_t7,5)),CSRank(Log($float_market_cap_yuan))))",event_residual_size,interaction_factor,limit_up_any_open_not_close_in_t7|float_market_cap_yuan,True,phase3aa_event_0667_cn_factor_event_residual_size_0679,event_derived_feature_layer,True,False,blocked_unsafe_known_structure,ordinary continuous primitive consumed sparse event or discrete state field,limit_up_any_open_not_close_in_t7,CSResidual|Mean|ZScore,EventCount|EventAge|EventTransition|StateDwell|WindowStateCount,phase3ce1_typed_primitive_gate_v1_20260618,phase3ce1_g2_input_gate_smoke,g2_selector_input_smoke,mature_g2_candidate,blocked_unsafe_known_structure,reject,upstream typed gate already rejected row
cn_factor_event_residual_size_0680,"CSRank(CSResidual(ZScore(Mean($limit_up_any_open_not_close_in_t7,5)),CSRank(Log($actual_circulation_value))))",event_residual_size,interaction_factor,limit_up_any_open_not_close_in_t7|actual_circulation_value,True,phase3aa_event_0668_cn_factor_event_residual_size_0680,event_derived_feature_layer,True,False,blocked_unsafe_known_structure,ordinary continuous primitive consumed sparse event or discrete state field,limit_up_any_open_not_close_in_t7,CSResidual|Mean|ZScore,EventCount|EventAge|EventTransition|StateDwell|WindowStateCount,phase3ce1_typed_primitive_gate_v1_20260618,phase3ce1_g2_input_gate_smoke,g2_selector_input_smoke,mature_g2_candidate,blocked_unsafe_known_structure,reject,upstream typed gate already rejected row
cn_factor_event_residual_size_0681,"CSRank(CSResidual(ZScore(Mean($limit_up_any_open_not_close_in_t8,5)),CSRank(Log($float_market_cap_yuan))))",event_residual_size,interaction_factor,limit_up_any_open_not_close_in_t8|float_market_cap_yuan,True,phase3aa_event_0669_cn_factor_event_residual_size_0681,event_derived_feature_layer,True,False,blocked_unsafe_known_structure,ordinary continuous primitive consumed sparse event or discrete state field,limit_up_any_open_not_close_in_t8,CSResidual|Mean|ZScore,EventCount|EventAge|EventTransition|StateDwell|WindowStateCount,phase3ce1_typed_primitive_gate_v1_20260618,phase3ce1_g2_input_gate_smoke,g2_selector_input_smoke,mature_g2_candidate,blocked_unsafe_known_structure,reject,upstream typed gate already rejected row
cn_factor_event_residual_size_0682,"CSRank(CSResidual(ZScore(Mean($limit_up_any_open_not_close_in_t8,5)),CSRank(Log($actual_circulation_value))))",event_residual_size,interaction_factor,limit_up_any_open_not_close_in_t8|actual_circulation_value,True,phase3aa_event_0670_cn_factor_event_residual_size_0682,event_derived_feature_layer,True,False,blocked_unsafe_known_structure,ordinary continuous primitive consumed sparse event or discrete state field,limit_up_any_open_not_close_in_t8,CSResidual|Mean|ZScore,EventCount|EventAge|EventTransition|StateDwell|WindowStateCount,phase3ce1_typed_primitive_gate_v1_20260618,phase3ce1_g2_input_gate_smoke,g2_selector_input_smoke,mature_g2_candidate,blocked_unsafe_known_structure,reject,upstream typed gate already rejected row
cn_factor_event_residual_size_0683,"CSRank(CSResidual(ZScore(Mean($limit_up_any_open_not_close_in_t9,5)),CSRank(Log($float_market_cap_yuan))))",event_residual_size,interaction_factor,limit_up_any_open_not_close_in_t9|float_market_cap_yuan,True,phase3aa_event_0671_cn_factor_event_residual_size_0683,event_derived_feature_layer,True,False,blocked_unsafe_known_structure,ordinary continuous primitive consumed sparse event or discrete state field,limit_up_any_open_not_close_in_t9,CSResidual|Mean|ZScore,EventCount|EventAge|EventTransition|StateDwell|WindowStateCount,phase3ce1_typed_primitive_gate_v1_20260618,phase3ce1_g2_input_gate_smoke,g2_selector_input_smoke,mature_g2_candidate,blocked_unsafe_known_structure,reject,upstream typed gate already rejected row
cn_factor_event_residual_size_0684,"CSRank(CSResidual(ZScore(Mean($limit_up_any_open_not_close_in_t9,5)),CSRank(Log($actual_circulation_value))))",event_residual_size,interaction_factor,limit_up_any_open_not_close_in_t9|actual_circulation_value,True,phase3aa_event_0672_cn_factor_event_residual_size_0684,event_derived_feature_layer,True,False,blocked_unsafe_known_structure,ordinary continuous primitive consumed sparse event or discrete state field,limit_up_any_open_not_close_in_t9,CSResidual|Mean|ZScore,EventCount|EventAge|EventTransition|StateDwell|WindowStateCount,phase3ce1_typed_primitive_gate_v1_20260618,phase3ce1_g2_input_gate_smoke,g2_selector_input_smoke,mature_g2_candidate,blocked_unsafe_known_structure,reject,upstream typed gate already rejected row
cn_factor_event_residual_size_0685,"CSRank(CSResidual(ZScore(Mean($limit_up_close_not_open,5)),CSRank(Log($float_market_cap_yuan))))",event_residual_size,interaction_factor,limit_up_close_not_open|float_market_cap_yuan,True,phase3aa_event_0673_cn_factor_event_residual_size_0685,event_derived_feature_layer,True,False,blocked_unsafe_known_structure,ordinary continuous primitive consumed sparse event or discrete state field,limit_up_close_not_open,CSResidual|Mean|ZScore,EventCount|EventAge|EventTransition|StateDwell|WindowStateCount,phase3ce1_typed_primitive_gate_v1_20260618,phase3ce1_g2_input_gate_smoke,g2_selector_input_smoke,mature_g2_candidate,blocked_unsafe_known_structure,reject,upstream typed gate already rejected row
cn_factor_event_residual_size_0686,"CSRank(CSResidual(ZScore(Mean($limit_up_close_not_open,5)),CSRank(Log($actual_circulation_value))))",event_residual_size,interaction_factor,limit_up_close_not_open|actual_circulation_value,True,phase3aa_event_0674_cn_factor_event_residual_size_0686,event_derived_feature_layer,True,False,blocked_unsafe_known_structure,ordinary continuous primitive consumed sparse event or discrete state field,limit_up_close_not_open,CSResidual|Mean|ZScore,EventCount|EventAge|EventTransition|StateDwell|WindowStateCount,phase3ce1_typed_primitive_gate_v1_20260618,phase3ce1_g2_input_gate_smoke,g2_selector_input_smoke,mature_g2_candidate,blocked_unsafe_known_structure,reject,upstream typed gate already rejected row
cn_factor_event_residual_size_0687,"CSRank(CSResidual(ZScore(Mean($limit_up_open_not_close,5)),CSRank(Log($float_market_cap_yuan))))",event_residual_size,interaction_factor,limit_up_open_not_close|float_market_cap_yuan,True,phase3aa_event_0675_cn_factor_event_residual_size_0687,event_derived_feature_layer,True,False,blocked_unsafe_known_structure,ordinary continuous primitive consumed sparse event or discrete state field,limit_up_open_not_close,CSResidual|Mean|ZScore,EventCount|EventAge|EventTransition|StateDwell|WindowStateCount,phase3ce1_typed_primitive_gate_v1_20260618,phase3ce1_g2_input_gate_smoke,g2_selector_input_smoke,mature_g2_candidate,blocked_unsafe_known_structure,reject,upstream typed gate already rejected row
cn_factor_event_residual_size_0688,"CSRank(CSResidual(ZScore(Mean($limit_up_open_not_close,5)),CSRank(Log($actual_circulation_value))))",event_residual_size,interaction_factor,limit_up_open_not_close|actual_circulation_value,True,phase3aa_event_0676_cn_factor_event_residual_size_0688,event_derived_feature_layer,True,False,blocked_unsafe_known_structure,ordinary continuous primitive consumed sparse event or discrete state field,limit_up_open_not_close,CSResidual|Mean|ZScore,EventCount|EventAge|EventTransition|StateDwell|WindowStateCount,phase3ce1_typed_primitive_gate_v1_20260618,phase3ce1_g2_input_gate_smoke,g2_selector_input_smoke,mature_g2_candidate,blocked_unsafe_known_structure,reject,upstream typed gate already rejected row
cn_factor_event_residual_size_0689,"CSRank(CSResidual(ZScore(Mean($limit_up_close_not_open_count_t10,5)),CSRank(Log($float_market_cap_yuan))))",event_residual_size,interaction_factor,limit_up_close_not_open_count_t10|float_market_cap_yuan,True,phase3aa_event_0677_cn_factor_event_residual_size_0689,event_derived_feature_layer,True,False,blocked_unsafe_known_structure,ordinary continuous primitive consumed sparse event or discrete state field,limit_up_close_not_open_count_t10,CSResidual|Mean|ZScore,EventCount|EventAge|EventTransition|StateDwell|WindowStateCount,phase3ce1_typed_primitive_gate_v1_20260618,phase3ce1_g2_input_gate_smoke,g2_selector_input_smoke,mature_g2_candidate,blocked_unsafe_known_structure,reject,upstream typed gate already rejected row
cn_factor_event_residual_size_0690,"CSRank(CSResidual(ZScore(Mean($limit_up_close_not_open_count_t10,5)),CSRank(Log($actual_circulation_value))))",event_residual_size,interaction_factor,limit_up_close_not_open_count_t10|actual_circulation_value,True,phase3aa_event_0678_cn_factor_event_residual_size_0690,event_derived_feature_layer,True,False,blocked_unsafe_known_structure,ordinary continuous primitive consumed sparse event or discrete state field,limit_up_close_not_open_count_t10,CSResidual|Mean|ZScore,EventCount|EventAge|EventTransition|StateDwell|WindowStateCount,phase3ce1_typed_primitive_gate_v1_20260618,phase3ce1_g2_input_gate_smoke,g2_selector_input_smoke,mature_g2_candidate,blocked_unsafe_known_structure,reject,upstream typed gate already rejected row
cn_factor_event_residual_size_0691,"CSRank(CSResidual(ZScore(Mean($limit_up_close_not_open_count_t2,5)),CSRank(Log($float_market_cap_yuan))))",event_residual_size,interaction_factor,limit_up_close_not_open_count_t2|float_market_cap_yuan,True,phase3aa_event_0679_cn_factor_event_residual_size_0691,event_derived_feature_layer,True,False,blocked_unsafe_known_structure,ordinary continuous primitive consumed sparse event or discrete state field,limit_up_close_not_open_count_t2,CSResidual|Mean|ZScore,EventCount|EventAge|EventTransition|StateDwell|WindowStateCount,phase3ce1_typed_primitive_gate_v1_20260618,phase3ce1_g2_input_gate_smoke,g2_selector_input_smoke,mature_g2_candidate,blocked_unsafe_known_structure,reject,upstream typed gate already rejected row
cn_factor_event_residual_size_0692,"CSRank(CSResidual(ZScore(Mean($limit_up_close_not_open_count_t2,5)),CSRank(Log($actual_circulation_value))))",event_residual_size,interaction_factor,limit_up_close_not_open_count_t2|actual_circulation_value,True,phase3aa_event_0680_cn_factor_event_residual_size_0692,event_derived_feature_layer,True,False,blocked_unsafe_known_structure,ordinary continuous primitive consumed sparse event or discrete state field,limit_up_close_not_open_count_t2,CSResidual|Mean|ZScore,EventCount|EventAge|EventTransition|StateDwell|WindowStateCount,phase3ce1_typed_primitive_gate_v1_20260618,phase3ce1_g2_input_gate_smoke,g2_selector_input_smoke,mature_g2_candidate,blocked_unsafe_known_structure,reject,upstream typed gate already rejected row
cn_factor_event_residual_size_0693,"CSRank(CSResidual(ZScore(Mean($limit_up_close_not_open_count_t3,5)),CSRank(Log($float_market_cap_yuan))))",event_residual_size,interaction_factor,limit_up_close_not_open_count_t3|float_market_cap_yuan,True,phase3aa_event_0681_cn_factor_event_residual_size_0693,event_derived_feature_layer,True,False,blocked_unsafe_known_structure,ordinary continuous primitive consumed sparse event or discrete state field,limit_up_close_not_open_count_t3,CSResidual|Mean|ZScore,EventCount|EventAge|EventTransition|StateDwell|WindowStateCount,phase3ce1_typed_primitive_gate_v1_20260618,phase3ce1_g2_input_gate_smoke,g2_selector_input_smoke,mature_g2_candidate,blocked_unsafe_known_structure,reject,upstream typed gate already rejected row
cn_factor_event_residual_size_0694,"CSRank(CSResidual(ZScore(Mean($limit_up_close_not_open_count_t3,5)),CSRank(Log($actual_circulation_value))))",event_residual_size,interaction_factor,limit_up_close_not_open_count_t3|actual_circulation_value,True,phase3aa_event_0682_cn_factor_event_residual_size_0694,event_derived_feature_layer,True,False,blocked_unsafe_known_structure,ordinary continuous primitive consumed sparse event or discrete state field,limit_up_close_not_open_count_t3,CSResidual|Mean|ZScore,EventCount|EventAge|EventTransition|StateDwell|WindowStateCount,phase3ce1_typed_primitive_gate_v1_20260618,phase3ce1_g2_input_gate_smoke,g2_selector_input_smoke,mature_g2_candidate,blocked_unsafe_known_structure,reject,upstream typed gate already rejected row
cn_factor_event_residual_size_0695,"CSRank(CSResidual(ZScore(Mean($limit_up_close_not_open_count_t4,5)),CSRank(Log($float_market_cap_yuan))))",event_residual_size,interaction_factor,limit_up_close_not_open_count_t4|float_market_cap_yuan,True,phase3aa_event_0683_cn_factor_event_residual_size_0695,event_derived_feature_layer,True,False,blocked_unsafe_known_structure,ordinary continuous primitive consumed sparse event or discrete state field,limit_up_close_not_open_count_t4,CSResidual|Mean|ZScore,EventCount|EventAge|EventTransition|StateDwell|WindowStateCount,phase3ce1_typed_primitive_gate_v1_20260618,phase3ce1_g2_input_gate_smoke,g2_selector_input_smoke,mature_g2_candidate,blocked_unsafe_known_structure,reject,upstream typed gate already rejected row
cn_factor_event_residual_size_0696,"CSRank(CSResidual(ZScore(Mean($limit_up_close_not_open_count_t4,5)),CSRank(Log($actual_circulation_value))))",event_residual_size,interaction_factor,limit_up_close_not_open_count_t4|actual_circulation_value,True,phase3aa_event_0684_cn_factor_event_residual_size_0696,event_derived_feature_layer,True,False,blocked_unsafe_known_structure,ordinary continuous primitive consumed sparse event or discrete state field,limit_up_close_not_open_count_t4,CSResidual|Mean|ZScore,EventCount|EventAge|EventTransition|StateDwell|WindowStateCount,phase3ce1_typed_primitive_gate_v1_20260618,phase3ce1_g2_input_gate_smoke,g2_selector_input_smoke,mature_g2_candidate,blocked_unsafe_known_structure,reject,upstream typed gate already rejected row
cn_factor_event_residual_size_0697,"CSRank(CSResidual(ZScore(Mean($limit_up_close_not_open_count_t5,5)),CSRank(Log($float_market_cap_yuan))))",event_residual_size,interaction_factor,limit_up_close_not_open_count_t5|float_market_cap_yuan,True,phase3aa_event_0685_cn_factor_event_residual_size_0697,event_derived_feature_layer,True,False,blocked_unsafe_known_structure,ordinary continuous primitive consumed sparse event or discrete state field,limit_up_close_not_open_count_t5,CSResidual|Mean|ZScore,EventCount|EventAge|EventTransition|StateDwell|WindowStateCount,phase3ce1_typed_primitive_gate_v1_20260618,phase3ce1_g2_input_gate_smoke,g2_selector_input_smoke,mature_g2_candidate,blocked_unsafe_known_structure,reject,upstream typed gate already rejected row
cn_factor_event_residual_size_0698,"CSRank(CSResidual(ZScore(Mean($limit_up_close_not_open_count_t5,5)),CSRank(Log($actual_circulation_value))))",event_residual_size,interaction_factor,limit_up_close_not_open_count_t5|actual_circulation_value,True,phase3aa_event_0686_cn_factor_event_residual_size_0698,event_derived_feature_layer,True,False,blocked_unsafe_known_structure,ordinary continuous primitive consumed sparse event or discrete state field,limit_up_close_not_open_count_t5,CSResidual|Mean|ZScore,EventCount|EventAge|EventTransition|StateDwell|WindowStateCount,phase3ce1_typed_primitive_gate_v1_20260618,phase3ce1_g2_input_gate_smoke,g2_selector_input_smoke,mature_g2_candidate,blocked_unsafe_known_structure,reject,upstream typed gate already rejected row
cn_factor_event_residual_size_0699,"CSRank(CSResidual(ZScore(Mean($limit_up_close_not_open_count_t6,5)),CSRank(Log($float_market_cap_yuan))))",event_residual_size,interaction_factor,limit_up_close_not_open_count_t6|float_market_cap_yuan,True,phase3aa_event_0687_cn_factor_event_residual_size_0699,event_derived_feature_layer,True,False,blocked_unsafe_known_structure,ordinary continuous primitive consumed sparse event or discrete state field,limit_up_close_not_open_count_t6,CSResidual|Mean|ZScore,EventCount|EventAge|EventTransition|StateDwell|WindowStateCount,phase3ce1_typed_primitive_gate_v1_20260618,phase3ce1_g2_input_gate_smoke,g2_selector_input_smoke,mature_g2_candidate,blocked_unsafe_known_structure,reject,upstream typed gate already rejected row
cn_factor_event_residual_size_0700,"CSRank(CSResidual(ZScore(Mean($limit_up_close_not_open_count_t6,5)),CSRank(Log($actual_circulation_value))))",event_residual_size,interaction_factor,limit_up_close_not_open_count_t6|actual_circulation_value,True,phase3aa_event_0688_cn_factor_event_residual_size_0700,event_derived_feature_layer,True,False,blocked_unsafe_known_structure,ordinary continuous primitive consumed sparse event or discrete state field,limit_up_close_not_open_count_t6,CSResidual|Mean|ZScore,EventCount|EventAge|EventTransition|StateDwell|WindowStateCount,phase3ce1_typed_primitive_gate_v1_20260618,phase3ce1_g2_input_gate_smoke,g2_selector_input_smoke,mature_g2_candidate,blocked_unsafe_known_structure,reject,upstream typed gate already rejected row
cn_factor_event_residual_size_0701,"CSRank(CSResidual(ZScore(Mean($limit_up_close_not_open_count_t7,5)),CSRank(Log($float_market_cap_yuan))))",event_residual_size,interaction_factor,limit_up_close_not_open_count_t7|float_market_cap_yuan,True,phase3aa_event_0689_cn_factor_event_residual_size_0701,event_derived_feature_layer,True,False,blocked_unsafe_known_structure,ordinary continuous primitive consumed sparse event or discrete state field,limit_up_close_not_open_count_t7,CSResidual|Mean|ZScore,EventCount|EventAge|EventTransition|StateDwell|WindowStateCount,phase3ce1_typed_primitive_gate_v1_20260618,phase3ce1_g2_input_gate_smoke,g2_selector_input_smoke,mature_g2_candidate,blocked_unsafe_known_structure,reject,upstream typed gate already rejected row
cn_factor_event_residual_size_0702,"CSRank(CSResidual(ZScore(Mean($limit_up_close_not_open_count_t7,5)),CSRank(Log($actual_circulation_value))))",event_residual_size,interaction_factor,limit_up_close_not_open_count_t7|actual_circulation_value,True,phase3aa_event_0690_cn_factor_event_residual_size_0702,event_derived_feature_layer,True,False,blocked_unsafe_known_structure,ordinary continuous primitive consumed sparse event or discrete state field,limit_up_close_not_open_count_t7,CSResidual|Mean|ZScore,EventCount|EventAge|EventTransition|StateDwell|WindowStateCount,phase3ce1_typed_primitive_gate_v1_20260618,phase3ce1_g2_input_gate_smoke,g2_selector_input_smoke,mature_g2_candidate,blocked_unsafe_known_structure,reject,upstream typed gate already rejected row
cn_factor_event_residual_size_0703,"CSRank(CSResidual(ZScore(Mean($limit_up_close_not_open_count_t8,5)),CSRank(Log($float_market_cap_yuan))))",event_residual_size,interaction_factor,limit_up_close_not_open_count_t8|float_market_cap_yuan,True,phase3aa_event_0691_cn_factor_event_residual_size_0703,event_derived_feature_layer,True,False,blocked_unsafe_known_structure,ordinary continuous primitive consumed sparse event or discrete state field,limit_up_close_not_open_count_t8,CSResidual|Mean|ZScore,EventCount|EventAge|EventTransition|StateDwell|WindowStateCount,phase3ce1_typed_primitive_gate_v1_20260618,phase3ce1_g2_input_gate_smoke,g2_selector_input_smoke,mature_g2_candidate,blocked_unsafe_known_structure,reject,upstream typed gate already rejected row
cn_factor_event_residual_size_0704,"CSRank(CSResidual(ZScore(Mean($limit_up_close_not_open_count_t8,5)),CSRank(Log($actual_circulation_value))))",event_residual_size,interaction_factor,limit_up_close_not_open_count_t8|actual_circulation_value,True,phase3aa_event_0692_cn_factor_event_residual_size_0704,event_derived_feature_layer,True,False,blocked_unsafe_known_structure,ordinary continuous primitive consumed sparse event or discrete state field,limit_up_close_not_open_count_t8,CSResidual|Mean|ZScore,EventCount|EventAge|EventTransition|StateDwell|WindowStateCount,phase3ce1_typed_primitive_gate_v1_20260618,phase3ce1_g2_input_gate_smoke,g2_selector_input_smoke,mature_g2_candidate,blocked_unsafe_known_structure,reject,upstream typed gate already rejected row
cn_factor_event_residual_size_0705,"CSRank(CSResidual(ZScore(Mean($limit_up_close_not_open_count_t9,5)),CSRank(Log($float_market_cap_yuan))))",event_residual_size,interaction_factor,limit_up_close_not_open_count_t9|float_market_cap_yuan,True,phase3aa_event_0693_cn_factor_event_residual_size_0705,event_derived_feature_layer,True,False,blocked_unsafe_known_structure,ordinary continuous primitive consumed sparse event or discrete state field,limit_up_close_not_open_count_t9,CSResidual|Mean|ZScore,EventCount|EventAge|EventTransition|StateDwell|WindowStateCount,phase3ce1_typed_primitive_gate_v1_20260618,phase3ce1_g2_input_gate_smoke,g2_selector_input_smoke,mature_g2_candidate,blocked_unsafe_known_structure,reject,upstream typed gate already rejected row
cn_factor_event_residual_size_0706,"CSRank(CSResidual(ZScore(Mean($limit_up_close_not_open_count_t9,5)),CSRank(Log($actual_circulation_value))))",event_residual_size,interaction_factor,limit_up_close_not_open_count_t9|actual_circulation_value,True,phase3aa_event_0694_cn_factor_event_residual_size_0706,event_derived_feature_layer,True,False,blocked_unsafe_known_structure,ordinary continuous primitive consumed sparse event or discrete state field,limit_up_close_not_open_count_t9,CSResidual|Mean|ZScore,EventCount|EventAge|EventTransition|StateDwell|WindowStateCount,phase3ce1_typed_primitive_gate_v1_20260618,phase3ce1_g2_input_gate_smoke,g2_selector_input_smoke,mature_g2_candidate,blocked_unsafe_known_structure,reject,upstream typed gate already rejected row
cn_factor_event_residual_size_0707,"CSRank(CSResidual(ZScore(Mean($limit_up_open_not_close_count_t10,5)),CSRank(Log($float_market_cap_yuan))))",event_residual_size,interaction_factor,limit_up_open_not_close_count_t10|float_market_cap_yuan,True,phase3aa_event_0695_cn_factor_event_residual_size_0707,event_derived_feature_layer,True,False,blocked_unsafe_known_structure,ordinary continuous primitive consumed sparse event or discrete state field,limit_up_open_not_close_count_t10,CSResidual|Mean|ZScore,EventCount|EventAge|EventTransition|StateDwell|WindowStateCount,phase3ce1_typed_primitive_gate_v1_20260618,phase3ce1_g2_input_gate_smoke,g2_selector_input_smoke,mature_g2_candidate,blocked_unsafe_known_structure,reject,upstream typed gate already rejected row
cn_factor_event_residual_size_0708,"CSRank(CSResidual(ZScore(Mean($limit_up_open_not_close_count_t10,5)),CSRank(Log($actual_circulation_value))))",event_residual_size,interaction_factor,limit_up_open_not_close_count_t10|actual_circulation_value,True,phase3aa_event_0696_cn_factor_event_residual_size_0708,event_derived_feature_layer,True,False,blocked_unsafe_known_structure,ordinary continuous primitive consumed sparse event or discrete state field,limit_up_open_not_close_count_t10,CSResidual|Mean|ZScore,EventCount|EventAge|EventTransition|StateDwell|WindowStateCount,phase3ce1_typed_primitive_gate_v1_20260618,phase3ce1_g2_input_gate_smoke,g2_selector_input_smoke,mature_g2_candidate,blocked_unsafe_known_structure,reject,upstream typed gate already rejected row
cn_factor_event_residual_size_0709,"CSRank(CSResidual(ZScore(Mean($limit_up_open_not_close_count_t2,5)),CSRank(Log($float_market_cap_yuan))))",event_residual_size,interaction_factor,limit_up_open_not_close_count_t2|float_market_cap_yuan,True,phase3aa_event_0697_cn_factor_event_residual_size_0709,event_derived_feature_layer,True,False,blocked_unsafe_known_structure,ordinary continuous primitive consumed sparse event or discrete state field,limit_up_open_not_close_count_t2,CSResidual|Mean|ZScore,EventCount|EventAge|EventTransition|StateDwell|WindowStateCount,phase3ce1_typed_primitive_gate_v1_20260618,phase3ce1_g2_input_gate_smoke,g2_selector_input_smoke,mature_g2_candidate,blocked_unsafe_known_structure,reject,upstream typed gate already rejected row
cn_factor_event_residual_size_0710,"CSRank(CSResidual(ZScore(Mean($limit_up_open_not_close_count_t2,5)),CSRank(Log($actual_circulation_value))))",event_residual_size,interaction_factor,limit_up_open_not_close_count_t2|actual_circulation_value,True,phase3aa_event_0698_cn_factor_event_residual_size_0710,event_derived_feature_layer,True,False,blocked_unsafe_known_structure,ordinary continuous primitive consumed sparse event or discrete state field,limit_up_open_not_close_count_t2,CSResidual|Mean|ZScore,EventCount|EventAge|EventTransition|StateDwell|WindowStateCount,phase3ce1_typed_primitive_gate_v1_20260618,phase3ce1_g2_input_gate_smoke,g2_selector_input_smoke,mature_g2_candidate,blocked_unsafe_known_structure,reject,upstream typed gate already rejected row
cn_factor_event_residual_size_0711,"CSRank(CSResidual(ZScore(Mean($limit_up_open_not_close_count_t3,5)),CSRank(Log($float_market_cap_yuan))))",event_residual_size,interaction_factor,limit_up_open_not_close_count_t3|float_market_cap_yuan,True,phase3aa_event_0699_cn_factor_event_residual_size_0711,event_derived_feature_layer,True,False,blocked_unsafe_known_structure,ordinary continuous primitive consumed sparse event or discrete state field,limit_up_open_not_close_count_t3,CSResidual|Mean|ZScore,EventCount|EventAge|EventTransition|StateDwell|WindowStateCount,phase3ce1_typed_primitive_gate_v1_20260618,phase3ce1_g2_input_gate_smoke,g2_selector_input_smoke,mature_g2_candidate,blocked_unsafe_known_structure,reject,upstream typed gate already rejected row
cn_factor_event_residual_size_0712,"CSRank(CSResidual(ZScore(Mean($limit_up_open_not_close_count_t3,5)),CSRank(Log($actual_circulation_value))))",event_residual_size,interaction_factor,limit_up_open_not_close_count_t3|actual_circulation_value,True,phase3aa_event_0700_cn_factor_event_residual_size_0712,event_derived_feature_layer,True,False,blocked_unsafe_known_structure,ordinary continuous primitive consumed sparse event or discrete state field,limit_up_open_not_close_count_t3,CSResidual|Mean|ZScore,EventCount|EventAge|EventTransition|StateDwell|WindowStateCount,phase3ce1_typed_primitive_gate_v1_20260618,phase3ce1_g2_input_gate_smoke,g2_selector_input_smoke,mature_g2_candidate,blocked_unsafe_known_structure,reject,upstream typed gate already rejected row
cn_factor_event_residual_size_0713,"CSRank(CSResidual(ZScore(Mean($limit_up_open_not_close_count_t4,5)),CSRank(Log($float_market_cap_yuan))))",event_residual_size,interaction_factor,limit_up_open_not_close_count_t4|float_market_cap_yuan,True,phase3aa_event_0701_cn_factor_event_residual_size_0713,event_derived_feature_layer,True,False,blocked_unsafe_known_structure,ordinary continuous primitive consumed sparse event or discrete state field,limit_up_open_not_close_count_t4,CSResidual|Mean|ZScore,EventCount|EventAge|EventTransition|StateDwell|WindowStateCount,phase3ce1_typed_primitive_gate_v1_20260618,phase3ce1_g2_input_gate_smoke,g2_selector_input_smoke,mature_g2_candidate,blocked_unsafe_known_structure,reject,upstream typed gate already rejected row
cn_factor_event_residual_size_0714,"CSRank(CSResidual(ZScore(Mean($limit_up_open_not_close_count_t4,5)),CSRank(Log($actual_circulation_value))))",event_residual_size,interaction_factor,limit_up_open_not_close_count_t4|actual_circulation_value,True,phase3aa_event_0702_cn_factor_event_residual_size_0714,event_derived_feature_layer,True,False,blocked_unsafe_known_structure,ordinary continuous primitive consumed sparse event or discrete state field,limit_up_open_not_close_count_t4,CSResidual|Mean|ZScore,EventCount|EventAge|EventTransition|StateDwell|WindowStateCount,phase3ce1_typed_primitive_gate_v1_20260618,phase3ce1_g2_input_gate_smoke,g2_selector_input_smoke,mature_g2_candidate,blocked_unsafe_known_structure,reject,upstream typed gate already rejected row
cn_factor_event_residual_size_0715,"CSRank(CSResidual(ZScore(Mean($limit_up_open_not_close_count_t5,5)),CSRank(Log($float_market_cap_yuan))))",event_residual_size,interaction_factor,limit_up_open_not_close_count_t5|float_market_cap_yuan,True,phase3aa_event_0703_cn_factor_event_residual_size_0715,event_derived_feature_layer,True,False,blocked_unsafe_known_structure,ordinary continuous primitive consumed sparse event or discrete state field,limit_up_open_not_close_count_t5,CSResidual|Mean|ZScore,EventCount|EventAge|EventTransition|StateDwell|WindowStateCount,phase3ce1_typed_primitive_gate_v1_20260618,phase3ce1_g2_input_gate_smoke,g2_selector_input_smoke,mature_g2_candidate,blocked_unsafe_known_structure,reject,upstream typed gate already rejected row
cn_factor_event_residual_size_0716,"CSRank(CSResidual(ZScore(Mean($limit_up_open_not_close_count_t5,5)),CSRank(Log($actual_circulation_value))))",event_residual_size,interaction_factor,limit_up_open_not_close_count_t5|actual_circulation_value,True,phase3aa_event_0704_cn_factor_event_residual_size_0716,event_derived_feature_layer,True,False,blocked_unsafe_known_structure,ordinary continuous primitive consumed sparse event or discrete state field,limit_up_open_not_close_count_t5,CSResidual|Mean|ZScore,EventCount|EventAge|EventTransition|StateDwell|WindowStateCount,phase3ce1_typed_primitive_gate_v1_20260618,phase3ce1_g2_input_gate_smoke,g2_selector_input_smoke,mature_g2_candidate,blocked_unsafe_known_structure,reject,upstream typed gate already rejected row
cn_factor_event_residual_size_0717,"CSRank(CSResidual(ZScore(Mean($limit_up_open_not_close_count_t6,5)),CSRank(Log($float_market_cap_yuan))))",event_residual_size,interaction_factor,limit_up_open_not_close_count_t6|float_market_cap_yuan,True,phase3aa_event_0705_cn_factor_event_residual_size_0717,event_derived_feature_layer,True,False,blocked_unsafe_known_structure,ordinary continuous primitive consumed sparse event or discrete state field,limit_up_open_not_close_count_t6,CSResidual|Mean|ZScore,EventCount|EventAge|EventTransition|StateDwell|WindowStateCount,phase3ce1_typed_primitive_gate_v1_20260618,phase3ce1_g2_input_gate_smoke,g2_selector_input_smoke,mature_g2_candidate,blocked_unsafe_known_structure,reject,upstream typed gate already rejected row
cn_factor_event_residual_size_0718,"CSRank(CSResidual(ZScore(Mean($limit_up_open_not_close_count_t6,5)),CSRank(Log($actual_circulation_value))))",event_residual_size,interaction_factor,limit_up_open_not_close_count_t6|actual_circulation_value,True,phase3aa_event_0706_cn_factor_event_residual_size_0718,event_derived_feature_layer,True,False,blocked_unsafe_known_structure,ordinary continuous primitive consumed sparse event or discrete state field,limit_up_open_not_close_count_t6,CSResidual|Mean|ZScore,EventCount|EventAge|EventTransition|StateDwell|WindowStateCount,phase3ce1_typed_primitive_gate_v1_20260618,phase3ce1_g2_input_gate_smoke,g2_selector_input_smoke,mature_g2_candidate,blocked_unsafe_known_structure,reject,upstream typed gate already rejected row
cn_factor_event_residual_size_0719,"CSRank(CSResidual(ZScore(Mean($limit_up_open_not_close_count_t7,5)),CSRank(Log($float_market_cap_yuan))))",event_residual_size,interaction_factor,limit_up_open_not_close_count_t7|float_market_cap_yuan,True,phase3aa_event_0707_cn_factor_event_residual_size_0719,event_derived_feature_layer,True,False,blocked_unsafe_known_structure,ordinary continuous primitive consumed sparse event or discrete state field,limit_up_open_not_close_count_t7,CSResidual|Mean|ZScore,EventCount|EventAge|EventTransition|StateDwell|WindowStateCount,phase3ce1_typed_primitive_gate_v1_20260618,phase3ce1_g2_input_gate_smoke,g2_selector_input_smoke,mature_g2_candidate,blocked_unsafe_known_structure,reject,upstream typed gate already rejected row
cn_factor_event_residual_size_0720,"CSRank(CSResidual(ZScore(Mean($limit_up_open_not_close_count_t7,5)),CSRank(Log($actual_circulation_value))))",event_residual_size,interaction_factor,limit_up_open_not_close_count_t7|actual_circulation_value,True,phase3aa_event_0708_cn_factor_event_residual_size_0720,event_derived_feature_layer,True,False,blocked_unsafe_known_structure,ordinary continuous primitive consumed sparse event or discrete state field,limit_up_open_not_close_count_t7,CSResidual|Mean|ZScore,EventCount|EventAge|EventTransition|StateDwell|WindowStateCount,phase3ce1_typed_primitive_gate_v1_20260618,phase3ce1_g2_input_gate_smoke,g2_selector_input_smoke,mature_g2_candidate,blocked_unsafe_known_structure,reject,upstream typed gate already rejected row
cn_factor_event_residual_size_0721,"CSRank(CSResidual(ZScore(Mean($limit_up_open_not_close_count_t8,5)),CSRank(Log($float_market_cap_yuan))))",event_residual_size,interaction_factor,limit_up_open_not_close_count_t8|float_market_cap_yuan,True,phase3aa_event_0709_cn_factor_event_residual_size_0721,event_derived_feature_layer,True,False,blocked_unsafe_known_structure,ordinary continuous primitive consumed sparse event or discrete state field,limit_up_open_not_close_count_t8,CSResidual|Mean|ZScore,EventCount|EventAge|EventTransition|StateDwell|WindowStateCount,phase3ce1_typed_primitive_gate_v1_20260618,phase3ce1_g2_input_gate_smoke,g2_selector_input_smoke,mature_g2_candidate,blocked_unsafe_known_structure,reject,upstream typed gate already rejected row
cn_factor_event_residual_size_0722,"CSRank(CSResidual(ZScore(Mean($limit_up_open_not_close_count_t8,5)),CSRank(Log($actual_circulation_value))))",event_residual_size,interaction_factor,limit_up_open_not_close_count_t8|actual_circulation_value,True,phase3aa_event_0710_cn_factor_event_residual_size_0722,event_derived_feature_layer,True,False,blocked_unsafe_known_structure,ordinary continuous primitive consumed sparse event or discrete state field,limit_up_open_not_close_count_t8,CSResidual|Mean|ZScore,EventCount|EventAge|EventTransition|StateDwell|WindowStateCount,phase3ce1_typed_primitive_gate_v1_20260618,phase3ce1_g2_input_gate_smoke,g2_selector_input_smoke,mature_g2_candidate,blocked_unsafe_known_structure,reject,upstream typed gate already rejected row
cn_factor_event_residual_size_0723,"CSRank(CSResidual(ZScore(Mean($limit_up_open_not_close_count_t9,5)),CSRank(Log($float_market_cap_yuan))))",event_residual_size,interaction_factor,limit_up_open_not_close_count_t9|float_market_cap_yuan,True,phase3aa_event_0711_cn_factor_event_residual_size_0723,event_derived_feature_layer,True,False,blocked_unsafe_known_structure,ordinary continuous primitive consumed sparse event or discrete state field,limit_up_open_not_close_count_t9,CSResidual|Mean|ZScore,EventCount|EventAge|EventTransition|StateDwell|WindowStateCount,phase3ce1_typed_primitive_gate_v1_20260618,phase3ce1_g2_input_gate_smoke,g2_selector_input_smoke,mature_g2_candidate,blocked_unsafe_known_structure,reject,upstream typed gate already rejected row
cn_factor_event_residual_size_0724,"CSRank(CSResidual(ZScore(Mean($limit_up_open_not_close_count_t9,5)),CSRank(Log($actual_circulation_value))))",event_residual_size,interaction_factor,limit_up_open_not_close_count_t9|actual_circulation_value,True,phase3aa_event_0712_cn_factor_event_residual_size_0724,event_derived_feature_layer,True,False,blocked_unsafe_known_structure,ordinary continuous primitive consumed sparse event or discrete state field,limit_up_open_not_close_count_t9,CSResidual|Mean|ZScore,EventCount|EventAge|EventTransition|StateDwell|WindowStateCount,phase3ce1_typed_primitive_gate_v1_20260618,phase3ce1_g2_input_gate_smoke,g2_selector_input_smoke,mature_g2_candidate,blocked_unsafe_known_structure,reject,upstream typed gate already rejected row
cn_factor_event_residual_size_0725,"CSRank(CSResidual(ZScore(Mean($limit_up_touch_not_close_count_t10,5)),CSRank(Log($float_market_cap_yuan))))",event_residual_size,interaction_factor,limit_up_touch_not_close_count_t10|float_market_cap_yuan,True,phase3aa_event_0713_cn_factor_event_residual_size_0725,event_derived_feature_layer,True,False,blocked_unsafe_known_structure,ordinary continuous primitive consumed sparse event or discrete state field,limit_up_touch_not_close_count_t10,CSResidual|Mean|ZScore,EventCount|EventAge|EventTransition|StateDwell|WindowStateCount,phase3ce1_typed_primitive_gate_v1_20260618,phase3ce1_g2_input_gate_smoke,g2_selector_input_smoke,mature_g2_candidate,blocked_unsafe_known_structure,reject,upstream typed gate already rejected row
cn_factor_event_residual_size_0726,"CSRank(CSResidual(ZScore(Mean($limit_up_touch_not_close_count_t10,5)),CSRank(Log($actual_circulation_value))))",event_residual_size,interaction_factor,limit_up_touch_not_close_count_t10|actual_circulation_value,True,phase3aa_event_0714_cn_factor_event_residual_size_0726,event_derived_feature_layer,True,False,blocked_unsafe_known_structure,ordinary continuous primitive consumed sparse event or discrete state field,limit_up_touch_not_close_count_t10,CSResidual|Mean|ZScore,EventCount|EventAge|EventTransition|StateDwell|WindowStateCount,phase3ce1_typed_primitive_gate_v1_20260618,phase3ce1_g2_input_gate_smoke,g2_selector_input_smoke,mature_g2_candidate,blocked_unsafe_known_structure,reject,upstream typed gate already rejected row
cn_factor_event_residual_size_0727,"CSRank(CSResidual(ZScore(Mean($limit_up_touch_not_close_count_t2,5)),CSRank(Log($float_market_cap_yuan))))",event_residual_size,interaction_factor,limit_up_touch_not_close_count_t2|float_market_cap_yuan,True,phase3aa_event_0715_cn_factor_event_residual_size_0727,event_derived_feature_layer,True,False,blocked_unsafe_known_structure,ordinary continuous primitive consumed sparse event or discrete state field,limit_up_touch_not_close_count_t2,CSResidual|Mean|ZScore,EventCount|EventAge|EventTransition|StateDwell|WindowStateCount,phase3ce1_typed_primitive_gate_v1_20260618,phase3ce1_g2_input_gate_smoke,g2_selector_input_smoke,mature_g2_candidate,blocked_unsafe_known_structure,reject,upstream typed gate already rejected row
cn_factor_event_residual_size_0728,"CSRank(CSResidual(ZScore(Mean($limit_up_touch_not_close_count_t2,5)),CSRank(Log($actual_circulation_value))))",event_residual_size,interaction_factor,limit_up_touch_not_close_count_t2|actual_circulation_value,True,phase3aa_event_0716_cn_factor_event_residual_size_0728,event_derived_feature_layer,True,False,blocked_unsafe_known_structure,ordinary continuous primitive consumed sparse event or discrete state field,limit_up_touch_not_close_count_t2,CSResidual|Mean|ZScore,EventCount|EventAge|EventTransition|StateDwell|WindowStateCount,phase3ce1_typed_primitive_gate_v1_20260618,phase3ce1_g2_input_gate_smoke,g2_selector_input_smoke,mature_g2_candidate,blocked_unsafe_known_structure,reject,upstream typed gate already rejected row
cn_factor_event_x_theme_0729,"CSRank(Mul(ZScore(Mean($limit_up_any_close_not_open_in_t10,5)),ZScore($plate_score)))",event_x_theme,interaction_factor,limit_up_any_close_not_open_in_t10|plate_score,True,phase3aa_event_0717_cn_factor_event_x_theme_0729,event_derived_feature_layer,True,False,reject_membership_key_formula_input,membership/group fields are context keys until group geometry audit,plate_score,Mean|ZScore,,phase3ce1_typed_primitive_gate_v1_20260618,phase3ce1_g2_input_gate_smoke,g2_selector_input_smoke,mature_g2_candidate,reject_membership_key_formula_input,reject,upstream typed gate already rejected row
cn_factor_event_x_theme_0730,"CSRank(Mul(ZScore(Mean($limit_up_any_close_not_open_in_t2,5)),ZScore($plate_score)))",event_x_theme,interaction_factor,limit_up_any_close_not_open_in_t2|plate_score,True,phase3aa_event_0718_cn_factor_event_x_theme_0730,event_derived_feature_layer,True,False,reject_membership_key_formula_input,membership/group fields are context keys until group geometry audit,plate_score,Mean|ZScore,,phase3ce1_typed_primitive_gate_v1_20260618,phase3ce1_g2_input_gate_smoke,g2_selector_input_smoke,mature_g2_candidate,reject_membership_key_formula_input,reject,upstream typed gate already rejected row
cn_factor_event_x_theme_0731,"CSRank(Mul(ZScore(Mean($limit_up_any_close_not_open_in_t3,5)),ZScore($plate_score)))",event_x_theme,interaction_factor,limit_up_any_close_not_open_in_t3|plate_score,True,phase3aa_event_0719_cn_factor_event_x_theme_0731,event_derived_feature_layer,True,False,reject_membership_key_formula_input,membership/group fields are context keys until group geometry audit,plate_score,Mean|ZScore,,phase3ce1_typed_primitive_gate_v1_20260618,phase3ce1_g2_input_gate_smoke,g2_selector_input_smoke,mature_g2_candidate,reject_membership_key_formula_input,reject,upstream typed gate already rejected row
cn_factor_event_x_theme_0732,"CSRank(Mul(ZScore(Mean($limit_up_any_close_not_open_in_t4,5)),ZScore($plate_score)))",event_x_theme,interaction_factor,limit_up_any_close_not_open_in_t4|plate_score,True,phase3aa_event_0720_cn_factor_event_x_theme_0732,event_derived_feature_layer,True,False,reject_membership_key_formula_input,membership/group fields are context keys until group geometry audit,plate_score,Mean|ZScore,,phase3ce1_typed_primitive_gate_v1_20260618,phase3ce1_g2_input_gate_smoke,g2_selector_input_smoke,mature_g2_candidate,reject_membership_key_formula_input,reject,upstream typed gate already rejected row
cn_factor_event_x_theme_0733,"CSRank(Mul(ZScore(Mean($limit_up_any_close_not_open_in_t5,5)),ZScore($plate_score)))",event_x_theme,interaction_factor,limit_up_any_close_not_open_in_t5|plate_score,True,phase3aa_event_0721_cn_factor_event_x_theme_0733,event_derived_feature_layer,True,False,reject_membership_key_formula_input,membership/group fields are context keys until group geometry audit,plate_score,Mean|ZScore,,phase3ce1_typed_primitive_gate_v1_20260618,phase3ce1_g2_input_gate_smoke,g2_selector_input_smoke,mature_g2_candidate,reject_membership_key_formula_input,reject,upstream typed gate already rejected row
cn_factor_event_x_theme_0734,"CSRank(Mul(ZScore(Mean($limit_up_any_close_not_open_in_t6,5)),ZScore($plate_score)))",event_x_theme,interaction_factor,limit_up_any_close_not_open_in_t6|plate_score,True,phase3aa_event_0722_cn_factor_event_x_theme_0734,event_derived_feature_layer,True,False,reject_membership_key_formula_input,membership/group fields are context keys until group geometry audit,plate_score,Mean|ZScore,,phase3ce1_typed_primitive_gate_v1_20260618,phase3ce1_g2_input_gate_smoke,g2_selector_input_smoke,mature_g2_candidate,reject_membership_key_formula_input,reject,upstream typed gate already rejected row
cn_factor_event_x_theme_0735,"CSRank(Mul(ZScore(Mean($limit_up_any_close_not_open_in_t7,5)),ZScore($plate_score)))",event_x_theme,interaction_factor,limit_up_any_close_not_open_in_t7|plate_score,True,phase3aa_event_0723_cn_factor_event_x_theme_0735,event_derived_feature_layer,True,False,reject_membership_key_formula_input,membership/group fields are context keys until group geometry audit,plate_score,Mean|ZScore,,phase3ce1_typed_primitive_gate_v1_20260618,phase3ce1_g2_input_gate_smoke,g2_selector_input_smoke,mature_g2_candidate,reject_membership_key_formula_input,reject,upstream typed gate already rejected row
cn_factor_event_x_theme_0736,"CSRank(Mul(ZScore(Mean($limit_up_any_close_not_open_in_t8,5)),ZScore($plate_score)))",event_x_theme,interaction_factor,limit_up_any_close_not_open_in_t8|plate_score,True,phase3aa_event_0724_cn_factor_event_x_theme_0736,event_derived_feature_layer,True,False,reject_membership_key_formula_input,membership/group fields are context keys until group geometry audit,plate_score,Mean|ZScore,,phase3ce1_typed_primitive_gate_v1_20260618,phase3ce1_g2_input_gate_smoke,g2_selector_input_smoke,mature_g2_candidate,reject_membership_key_formula_input,reject,upstream typed gate already rejected row
cn_factor_event_x_theme_0737,"CSRank(Mul(ZScore(Mean($limit_up_any_close_not_open_in_t9,5)),ZScore($plate_score)))",event_x_theme,interaction_factor,limit_up_any_close_not_open_in_t9|plate_score,True,phase3aa_event_0725_cn_factor_event_x_theme_0737,event_derived_feature_layer,True,False,reject_membership_key_formula_input,membership/group fields are context keys until group geometry audit,plate_score,Mean|ZScore,,phase3ce1_typed_primitive_gate_v1_20260618,phase3ce1_g2_input_gate_smoke,g2_selector_input_smoke,mature_g2_candidate,reject_membership_key_formula_input,reject,upstream typed gate already rejected row
cn_factor_event_x_theme_0738,"CSRank(Mul(ZScore(Mean($limit_up_any_open_not_close_in_t10,5)),ZScore($plate_score)))",event_x_theme,interaction_factor,limit_up_any_open_not_close_in_t10|plate_score,True,phase3aa_event_0726_cn_factor_event_x_theme_0738,event_derived_feature_layer,True,False,reject_membership_key_formula_input,membership/group fields are context keys until group geometry audit,plate_score,Mean|ZScore,,phase3ce1_typed_primitive_gate_v1_20260618,phase3ce1_g2_input_gate_smoke,g2_selector_input_smoke,mature_g2_candidate,reject_membership_key_formula_input,reject,upstream typed gate already rejected row
cn_factor_event_x_theme_0739,"CSRank(Mul(ZScore(Mean($limit_up_any_open_not_close_in_t2,5)),ZScore($plate_score)))",event_x_theme,interaction_factor,limit_up_any_open_not_close_in_t2|plate_score,True,phase3aa_event_0727_cn_factor_event_x_theme_0739,event_derived_feature_layer,True,False,reject_membership_key_formula_input,membership/group fields are context keys until group geometry audit,plate_score,Mean|ZScore,,phase3ce1_typed_primitive_gate_v1_20260618,phase3ce1_g2_input_gate_smoke,g2_selector_input_smoke,mature_g2_candidate,reject_membership_key_formula_input,reject,upstream typed gate already rejected row
cn_factor_event_x_theme_0740,"CSRank(Mul(ZScore(Mean($limit_up_any_open_not_close_in_t3,5)),ZScore($plate_score)))",event_x_theme,interaction_factor,limit_up_any_open_not_close_in_t3|plate_score,True,phase3aa_event_0728_cn_factor_event_x_theme_0740,event_derived_feature_layer,True,False,reject_membership_key_formula_input,membership/group fields are context keys until group geometry audit,plate_score,Mean|ZScore,,phase3ce1_typed_primitive_gate_v1_20260618,phase3ce1_g2_input_gate_smoke,g2_selector_input_smoke,mature_g2_candidate,reject_membership_key_formula_input,reject,upstream typed gate already rejected row
cn_factor_event_x_theme_0741,"CSRank(Mul(ZScore(Mean($limit_up_any_open_not_close_in_t4,5)),ZScore($plate_score)))",event_x_theme,interaction_factor,limit_up_any_open_not_close_in_t4|plate_score,True,phase3aa_event_0729_cn_factor_event_x_theme_0741,event_derived_feature_layer,True,False,reject_membership_key_formula_input,membership/group fields are context keys until group geometry audit,plate_score,Mean|ZScore,,phase3ce1_typed_primitive_gate_v1_20260618,phase3ce1_g2_input_gate_smoke,g2_selector_input_smoke,mature_g2_candidate,reject_membership_key_formula_input,reject,upstream typed gate already rejected row
cn_factor_event_x_theme_0742,"CSRank(Mul(ZScore(Mean($limit_up_any_open_not_close_in_t5,5)),ZScore($plate_score)))",event_x_theme,interaction_factor,limit_up_any_open_not_close_in_t5|plate_score,True,phase3aa_event_0730_cn_factor_event_x_theme_0742,event_derived_feature_layer,True,False,reject_membership_key_formula_input,membership/group fields are context keys until group geometry audit,plate_score,Mean|ZScore,,phase3ce1_typed_primitive_gate_v1_20260618,phase3ce1_g2_input_gate_smoke,g2_selector_input_smoke,mature_g2_candidate,reject_membership_key_formula_input,reject,upstream typed gate already rejected row
cn_factor_event_x_theme_0743,"CSRank(Mul(ZScore(Mean($limit_up_any_open_not_close_in_t6,5)),ZScore($plate_score)))",event_x_theme,interaction_factor,limit_up_any_open_not_close_in_t6|plate_score,True,phase3aa_event_0731_cn_factor_event_x_theme_0743,event_derived_feature_layer,True,False,reject_membership_key_formula_input,membership/group fields are context keys until group geometry audit,plate_score,Mean|ZScore,,phase3ce1_typed_primitive_gate_v1_20260618,phase3ce1_g2_input_gate_smoke,g2_selector_input_smoke,mature_g2_candidate,reject_membership_key_formula_input,reject,upstream typed gate already rejected row
cn_factor_event_x_theme_0744,"CSRank(Mul(ZScore(Mean($limit_up_any_open_not_close_in_t7,5)),ZScore($plate_score)))",event_x_theme,interaction_factor,limit_up_any_open_not_close_in_t7|plate_score,True,phase3aa_event_0732_cn_factor_event_x_theme_0744,event_derived_feature_layer,True,False,reject_membership_key_formula_input,membership/group fields are context keys until group geometry audit,plate_score,Mean|ZScore,,phase3ce1_typed_primitive_gate_v1_20260618,phase3ce1_g2_input_gate_smoke,g2_selector_input_smoke,mature_g2_candidate,reject_membership_key_formula_input,reject,upstream typed gate already rejected row
cn_factor_event_x_theme_0745,"CSRank(Mul(ZScore(Mean($limit_up_close_not_open_count_t10,5)),ZScore($plate_score)))",event_x_theme,interaction_factor,limit_up_close_not_open_count_t10|plate_score,True,phase3aa_event_0733_cn_factor_event_x_theme_0745,event_derived_feature_layer,True,False,reject_membership_key_formula_input,membership/group fields are context keys until group geometry audit,plate_score,Mean|ZScore,,phase3ce1_typed_primitive_gate_v1_20260618,phase3ce1_g2_input_gate_smoke,g2_selector_input_smoke,mature_g2_candidate,reject_membership_key_formula_input,reject,upstream typed gate already rejected row
cn_factor_event_x_theme_0746,"CSRank(Mul(ZScore(Mean($limit_up_close_not_open_count_t2,5)),ZScore($plate_score)))",event_x_theme,interaction_factor,limit_up_close_not_open_count_t2|plate_score,True,phase3aa_event_0734_cn_factor_event_x_theme_0746,event_derived_feature_layer,True,False,reject_membership_key_formula_input,membership/group fields are context keys until group geometry audit,plate_score,Mean|ZScore,,phase3ce1_typed_primitive_gate_v1_20260618,phase3ce1_g2_input_gate_smoke,g2_selector_input_smoke,mature_g2_candidate,reject_membership_key_formula_input,reject,upstream typed gate already rejected row
cn_factor_event_x_theme_0747,"CSRank(Mul(ZScore(Mean($limit_up_close_not_open_count_t3,5)),ZScore($plate_score)))",event_x_theme,interaction_factor,limit_up_close_not_open_count_t3|plate_score,True,phase3aa_event_0735_cn_factor_event_x_theme_0747,event_derived_feature_layer,True,False,reject_membership_key_formula_input,membership/group fields are context keys until group geometry audit,plate_score,Mean|ZScore,,phase3ce1_typed_primitive_gate_v1_20260618,phase3ce1_g2_input_gate_smoke,g2_selector_input_smoke,mature_g2_candidate,reject_membership_key_formula_input,reject,upstream typed gate already rejected row
cn_factor_event_x_theme_0748,"CSRank(Mul(ZScore(Mean($limit_up_close_not_open_count_t4,5)),ZScore($plate_score)))",event_x_theme,interaction_factor,limit_up_close_not_open_count_t4|plate_score,True,phase3aa_event_0736_cn_factor_event_x_theme_0748,event_derived_feature_layer,True,False,reject_membership_key_formula_input,membership/group fields are context keys until group geometry audit,plate_score,Mean|ZScore,,phase3ce1_typed_primitive_gate_v1_20260618,phase3ce1_g2_input_gate_smoke,g2_selector_input_smoke,mature_g2_candidate,reject_membership_key_formula_input,reject,upstream typed gate already rejected row
cn_factor_event_x_theme_0749,"CSRank(Mul(ZScore(Mean($limit_up_close_not_open_count_t5,5)),ZScore($plate_score)))",event_x_theme,interaction_factor,limit_up_close_not_open_count_t5|plate_score,True,phase3aa_event_0737_cn_factor_event_x_theme_0749,event_derived_feature_layer,True,False,reject_membership_key_formula_input,membership/group fields are context keys until group geometry audit,plate_score,Mean|ZScore,,phase3ce1_typed_primitive_gate_v1_20260618,phase3ce1_g2_input_gate_smoke,g2_selector_input_smoke,mature_g2_candidate,reject_membership_key_formula_input,reject,upstream typed gate already rejected row
cn_factor_event_x_theme_0750,"CSRank(Mul(ZScore(Mean($limit_up_close_not_open_count_t6,5)),ZScore($plate_score)))",event_x_theme,interaction_factor,limit_up_close_not_open_count_t6|plate_score,True,phase3aa_event_0738_cn_factor_event_x_theme_0750,event_derived_feature_layer,True,False,reject_membership_key_formula_input,membership/group fields are context keys until group geometry audit,plate_score,Mean|ZScore,,phase3ce1_typed_primitive_gate_v1_20260618,phase3ce1_g2_input_gate_smoke,g2_selector_input_smoke,mature_g2_candidate,reject_membership_key_formula_input,reject,upstream typed gate already rejected row
cn_factor_event_x_theme_0751,"CSRank(Mul(ZScore(Mean($limit_up_close_not_open_count_t7,5)),ZScore($plate_score)))",event_x_theme,interaction_factor,limit_up_close_not_open_count_t7|plate_score,True,phase3aa_event_0739_cn_factor_event_x_theme_0751,event_derived_feature_layer,True,False,reject_membership_key_formula_input,membership/group fields are context keys until group geometry audit,plate_score,Mean|ZScore,,phase3ce1_typed_primitive_gate_v1_20260618,phase3ce1_g2_input_gate_smoke,g2_selector_input_smoke,mature_g2_candidate,reject_membership_key_formula_input,reject,upstream typed gate already rejected row
cn_factor_event_x_theme_0752,"CSRank(Mul(ZScore(Mean($limit_up_close_not_open_count_t8,5)),ZScore($plate_score)))",event_x_theme,interaction_factor,limit_up_close_not_open_count_t8|plate_score,True,phase3aa_event_0740_cn_factor_event_x_theme_0752,event_derived_feature_layer,True,False,reject_membership_key_formula_input,membership/group fields are context keys until group geometry audit,plate_score,Mean|ZScore,,phase3ce1_typed_primitive_gate_v1_20260618,phase3ce1_g2_input_gate_smoke,g2_selector_input_smoke,mature_g2_candidate,reject_membership_key_formula_input,reject,upstream typed gate already rejected row
cn_factor_event_x_theme_0753,"CSRank(Mul(ZScore(Mean($limit_up_close_not_open_count_t9,5)),ZScore($plate_score)))",event_x_theme,interaction_factor,limit_up_close_not_open_count_t9|plate_score,True,phase3aa_event_0741_cn_factor_event_x_theme_0753,event_derived_feature_layer,True,False,reject_membership_key_formula_input,membership/group fields are context keys until group geometry audit,plate_score,Mean|ZScore,,phase3ce1_typed_primitive_gate_v1_20260618,phase3ce1_g2_input_gate_smoke,g2_selector_input_smoke,mature_g2_candidate,reject_membership_key_formula_input,reject,upstream typed gate already rejected row
cn_factor_event_x_theme_0754,"CSRank(Mul(ZScore(Mean($limit_up_open_not_close_count_t10,5)),ZScore($plate_score)))",event_x_theme,interaction_factor,limit_up_open_not_close_count_t10|plate_score,True,phase3aa_event_0742_cn_factor_event_x_theme_0754,event_derived_feature_layer,True,False,reject_membership_key_formula_input,membership/group fields are context keys until group geometry audit,plate_score,Mean|ZScore,,phase3ce1_typed_primitive_gate_v1_20260618,phase3ce1_g2_input_gate_smoke,g2_selector_input_smoke,mature_g2_candidate,reject_membership_key_formula_input,reject,upstream typed gate already rejected row
cn_factor_event_x_theme_0755,"CSRank(Mul(ZScore(Mean($limit_up_open_not_close_count_t2,5)),ZScore($plate_score)))",event_x_theme,interaction_factor,limit_up_open_not_close_count_t2|plate_score,True,phase3aa_event_0743_cn_factor_event_x_theme_0755,event_derived_feature_layer,True,False,reject_membership_key_formula_input,membership/group fields are context keys until group geometry audit,plate_score,Mean|ZScore,,phase3ce1_typed_primitive_gate_v1_20260618,phase3ce1_g2_input_gate_smoke,g2_selector_input_smoke,mature_g2_candidate,reject_membership_key_formula_input,reject,upstream typed gate already rejected row
cn_factor_event_x_theme_0756,"CSRank(Mul(ZScore(Mean($limit_up_open_not_close_count_t3,5)),ZScore($plate_score)))",event_x_theme,interaction_factor,limit_up_open_not_close_count_t3|plate_score,True,phase3aa_event_0744_cn_factor_event_x_theme_0756,event_derived_feature_layer,True,False,reject_membership_key_formula_input,membership/group fields are context keys until group geometry audit,plate_score,Mean|ZScore,,phase3ce1_typed_primitive_gate_v1_20260618,phase3ce1_g2_input_gate_smoke,g2_selector_input_smoke,mature_g2_candidate,reject_membership_key_formula_input,reject,upstream typed gate already rejected row
cn_factor_event_x_theme_0757,"CSRank(Mul(ZScore(Mean($limit_up_open_not_close_count_t4,5)),ZScore($plate_score)))",event_x_theme,interaction_factor,limit_up_open_not_close_count_t4|plate_score,True,phase3aa_event_0745_cn_factor_event_x_theme_0757,event_derived_feature_layer,True,False,reject_membership_key_formula_input,membership/group fields are context keys until group geometry audit,plate_score,Mean|ZScore,,phase3ce1_typed_primitive_gate_v1_20260618,phase3ce1_g2_input_gate_smoke,g2_selector_input_smoke,mature_g2_candidate,reject_membership_key_formula_input,reject,upstream typed gate already rejected row
cn_factor_event_x_theme_0758,"CSRank(Mul(ZScore(Mean($limit_up_open_not_close_count_t5,5)),ZScore($plate_score)))",event_x_theme,interaction_factor,limit_up_open_not_close_count_t5|plate_score,True,phase3aa_event_0746_cn_factor_event_x_theme_0758,event_derived_feature_layer,True,False,reject_membership_key_formula_input,membership/group fields are context keys until group geometry audit,plate_score,Mean|ZScore,,phase3ce1_typed_primitive_gate_v1_20260618,phase3ce1_g2_input_gate_smoke,g2_selector_input_smoke,mature_g2_candidate,reject_membership_key_formula_input,reject,upstream typed gate already rejected row
cn_factor_event_x_theme_0759,"CSRank(Mul(ZScore(Mean($limit_up_open_not_close_count_t6,5)),ZScore($plate_score)))",event_x_theme,interaction_factor,limit_up_open_not_close_count_t6|plate_score,True,phase3aa_event_0747_cn_factor_event_x_theme_0759,event_derived_feature_layer,True,False,reject_membership_key_formula_input,membership/group fields are context keys until group geometry audit,plate_score,Mean|ZScore,,phase3ce1_typed_primitive_gate_v1_20260618,phase3ce1_g2_input_gate_smoke,g2_selector_input_smoke,mature_g2_candidate,reject_membership_key_formula_input,reject,upstream typed gate already rejected row
cn_factor_event_x_theme_0760,"CSRank(Mul(ZScore(Mean($limit_up_open_not_close_count_t7,5)),ZScore($plate_score)))",event_x_theme,interaction_factor,limit_up_open_not_close_count_t7|plate_score,True,phase3aa_event_0748_cn_factor_event_x_theme_0760,event_derived_feature_layer,True,False,reject_membership_key_formula_input,membership/group fields are context keys until group geometry audit,plate_score,Mean|ZScore,,phase3ce1_typed_primitive_gate_v1_20260618,phase3ce1_g2_input_gate_smoke,g2_selector_input_smoke,mature_g2_candidate,reject_membership_key_formula_input,reject,upstream typed gate already rejected row
